0
0.05100840680739459
0.01983660108902875
0.07367880671632056
0.05384220562729181
0.01983660108902875
0.01700280226913153
0.03400560453826306
0.01700280226913153
0
0.03400560453826306
0.06801120440165202
0.01983660108902875
0.03400560453826306
0.03683940335816028
0.0396732021780575
0.05384220562729181
0.03683940335816028
0.03400560453826306
0.05100840680739459
0.05384220562729181
0.05384220562729181
0.1246872135237151
0.07084500789642334
0.07651260787365484
0.1218534147038179
0.05384220562729181
0.01700280226913153
0.09351540780534931
0.07651260553621779
0.05384220562729181
0.08784781016555487
0.05950980326708626
0.09351540780534931
0.01983660108902875
0.09068160431057799
0.09351540780534931
0.05667600444718903
0.09634920662524653
0.05667600444718903
0.01983660108902875
0.05384220562729181
0.07367880671632056
0.07367880671632056
0.06801120440165202
0.05100840680739459
0.08076330493478213
0.08784780549068077
0.07084500789642334
0.1062675083384794
0.1662496117984547
0.06659430616042193
0.09351540780534931
0.05667600444718903
0.07367880671632056
0.2550420200123507
0.1303548111635096
0.2068674166997274
0.1024891067953671
0.3698109294853958
1.141076882680257
2.255704963908476
2.20611348806643
1.884004850013583
1.685166534255533
1.647854819017298
1.958155947573045
1.403203407923381
1.225146277278077
1.16091348844416
1.199642094911314
1.277099298495872
1.660606924225302
1.276154702784968
1.284656096907223
0.9649089808557548
1.232230803545784
1.204837392358219
1.287017614233728
1.500497210259531
1.535447419858446
1.044727680729885
1.08959619437947
1.212866502649644
1.252539704827701
1.409343310430938
1.323857005904703
1.149578295502008
1.07401029736388
1.156190505214766
1.373448505121119
1.346055105620739
1.325273915833118
1.091013087945826
1.11037739351684
1.216644901855319
1.415955536505755
1.546782612800598
1.333303012099921
0.9535737785638547
0.9748272778941136
1.241204500198364
1.395646602499719
1.382422215798322
1.148633692778793
1.216172603999867
1.323384710386688
1.200586699971966
1.355028809285631
1.619989131011215
1.09951449843014
1.290796011101966
1.009777489830466
1.15099520075555
1.30827109486449
1.271431698518641
1.093846877415975
1.085345490306032
0.8076330657098808
0.9110667799033371
0.8742273671954286
0.6177684582915961
0.5610924468320959
0.3088842303145166
0.2267040224636302
0.1105182100744808
0.1303548111635096
0.05100840680739459
0.1756956156562356
0.05384220562729181
0.1020168089399151
0.05384220562729181
0.08784781016555487
0.07084500789642334
0.08784781016555487
0.08501401134565764
0.03400560453826306
0.06801120907652612
0.1076844112545836
0.06801120907652612
0.03400560453826306
0.1020168089399151
0.03400560453826306
0.05950980326708626
0.03683940335816028
0.05100840680739459
0.03683940335816028
0.1246872135237151
0.03400560453826306
0
0.05384220562729181
0.05384220562729181
0.03683940335816028
0.05100840680739459
0.03400560453826306
0.03400560453826306
0.01983660108902875
0.03400560453826306
0
0.03400560453826306
0.05100840680739459
0.05100840680739459
0.03400560453826306
0.08784781016555487
0.03683940335816028
0.05384220562729181
0
0.03683940335816028
0.06801120440165202
0.01700280226913153
0.01700280226913153
0.05667600444718903
0.01700280226913153
0.03400560453826306
0.01983660108902875
0.05384220562729181
0.05100840680739459
0.03400560453826306
0.03400560453826306
0.05100840680739459
0.05100840213252049
0.03400560453826306
0.05100840680739459
