0
0
0
0
0
0
0
0
0
0
0
0
0
0
0
0
0
0.1214000034332275
0.1214000034332275
0
0
0
0
0
0
0
0.06070000171661377
0.1214000034332275
0.1821000051498413
0
0
0
0
0
0
0
0
0.06070000171661377
0
0
0.06070000171661377
0
0
0
0
0
0
0.1821000051498413
0.06070000171661377
0
0
0.06070000171661377
0
0
0.06070000171661377
0.1214000034332275
0.3035000085830689
0
0.06070000171661377
0.1821000051498413
0.3439666748046875
0.9914333438873291
1.294933366775513
1.193766694068909
1.396100034713745
1.052133359909058
1.031900029182434
0.5058333444595337
0.3642000102996826
0.5463000154495239
0.9307333421707153
0.2832666730880737
0.5260666799545288
0.5058333444595337
1.335400037765503
0.9509666919708252
0.6677000188827514
0.9105000114440918
0.1214000034332275
0.5463000154495239
0.1214000034332275
0.5463000154495239
0.2428000068664551
0.2428000068664551
0.7891000080108642
0.5463000154495239
0.7688666868209839
0.06070000171661377
0.4249000120162964
0
0.6677000188827514
0.1821000051498413
0.3642000102996826
0.4856000137329102
0.3035000085830689
0.2428000068664551
0.1214000034332275
0.3035000085830689
0.3035000085830689
0.1214000034332275
0.06070000171661377
0.2428000068664551
0.1618666696548462
0.2428000068664551
0.1214000034332275
0.5260666751861572
0.1618666696548462
0
0
0
0
0
0
0
0
0
0
0
0
0
0
0
0
0
0
0
0
0
0.1618666696548462
0.06070000171661377
0
0
0
0
0
0
0
0
0
0.04046666622161865
0
0
0
0
0
0
0
0.0809333324432373
0
0
0
0.04046666622161865
0.0809333324432373
0
0
0.04046666622161865
0
0.1618666696548462
0.04046666622161865
0
0
0.04046666622161865
0
0
0.06070000171661377
0
0
0.06070000171661377
0
0
0
0
0
0.06070000171661377
0
0.06070000171661377
0
0.04046666622161865
0
0
0
0
0
