-0.005086652903525457
-0.01057930485524783
-0.003948917779162689
-0.006142564646445021
-0.007073497031874381
-0.003893989683315597
-0.006144701636380973
-0.00643390136549056
-0.004312867426875219
0.0009578517663544088
-0.008868285011937227
-0.002225451514226184
-0.003246720463206623
-0.005470026741262837
-0.006482677240987783
-0.003839492117069038
-0.005334213839166793
-0.006092486729409396
-0.004350683070268408
-0.005460249436887438
0.001066234011097618
-0.002738666889888678
-0.004845955722524898
-0.004393747050994963
-0.00424043073103091
-0.008419301418984585
-0.004193447627739998
-0.001296139790834134
-0.002397081782925492
-0.0002653109026278747
-0.0007168944058956289
-0.002822263196922338
-0.005779110094700404
-0.0001437467856377688
-0.001498111029815056
-0.000865196121800559
-0.001025785254243155
-0.004091478801782151
-0.000172637744741086
-0.003717064437673884
-0.001123108338432294
0.0001318418590532053
-0.00256803947792472
-0.004530814001863857
0.0007172565018200263
-0.00306504261620916
-0.0007346134828727578
0.003083160199787257
-0.003899042981775326
-0.0005174056732014507
-0.003431794295259883
0.001916753184113471
0.001586077615186541
-0.0002277418525924111
0.003429556395891474
0.006207944054177409
0.004619539734569185
0.003720698295543322
0.005235264442953334
0.007116963159823395
0.008220354137658845
0.01762510367291914
0.1459201272592972
0.2360548133105765
0.2654244035009057
0.2899756167953799
0.2981685535797744
0.3020569489014616
0.3043836547239719
0.3224831167147231
0.3230033006809019
0.330035438777589
0.3474056989169803
0.3571805157643778
0.3554899498758802
0.3598188686630478
0.3543733117579184
0.3544925859918431
0.3665275651311397
0.3654402923267247
0.3650029206940605
0.369579352345098
0.3584725360601881
0.3528802308895326
0.360677483382872
0.3646918412414379
0.3702249325787701
0.3663028003446119
0.3662148065931484
0.3619573670340579
0.368770205687055
0.3651711293034923
0.3680098083228277
0.3655500904852437
0.3647600239173527
0.357009810558081
0.3631968878930048
0.3678325308950284
0.3705233811545801
0.3700584853320593
0.3698689025730105
0.3555911252673777
0.3659388826323128
0.3713767430808215
0.3675010761000075
0.3692891686223447
0.3685005867070154
0.3580611226283989
0.3691068976922048
0.3676332844946235
0.3666291354528303
0.3635125897516154
0.3606242072568901
0.355451576377129
0.3577668662215934
0.3676407926744465
0.3640456326588118
0.3585012844941614
0.3532513685327875
0.3409865522276136
0.3501450050880864
0.349831520791719
0.3340454647956715
0.2839164841548926
0.2365300259086137
0.1987581879890607
0.1673896020920266
0.1357627229778511
0.112099300448361
0.09419369337795289
0.07586169628923943
0.06343664671939618
0.05807455311761894
0.0499193400242322
0.03837396601876156
0.03446746438350842
0.02697690745309338
0.02152098438105072
0.01907948451679538
0.01296714780928253
0.0138675946212936
0.00874487212312711
0.008950894301068608
0.008626939983240038
0.007981619722965473
-0.0002019203133866815
0.0002238167045398545
-0.003978585017700064
-0.003762535029310593
-0.004155902199478455
-0.007421150029946354
-0.003600457801954724
-0.008206470159046079
-0.005156861281339277
-0.008277888588603467
-0.008589130249091331
-0.0111335316086177
-0.0074286917904245
-0.005623992914410817
-0.006752187560503547
-0.006848685933773423
-0.01079321337409673
-0.009547959115462738
-0.01106291655041958
-0.009860932693282969
-0.01246016079099752
-0.01017211525078961
-0.01235284968431685
-0.01167696556585038
-0.01035240566320767
-0.0131296091954628
-0.006113088873290799
-0.01051695807260365
-0.009657447958746177
-0.009154815038304802
-0.01036513499810716
-0.009793290508756434
-0.007006323810409807
-0.005962687392004124
-0.004744685232974419
-0.005706438179158623
-0.007294414069515627
-0.008126814588701204
