0.01042990818183628
-0.03344282087478256
0.0353645334195133
-0.01199238530965571
-0.00696065772390144
0.01770895884349863
-0.01280966813006307
-0.003224380321944679
0.01326528574263181
0.03269832867794817
-0.05463076883283818
0.03666637337657112
-0.00275174541815861
-0.01293939977829439
-0.006710110013340029
0.01503498496091762
-0.008075028854909084
-0.005124642809105693
0.009509207304436672
-0.004917178936524848
0.04026782568020344
-0.01745111651586754
-0.01178050367790375
0.003016415680052633
0.0009120634477117333
-0.02518368119349672
0.02332086140816129
0.01971695410005961
-0.002612064855530225
0.01591660350013811
0.001989678520653918
-0.009873333409479343
-0.01593466550404607
0.03442786085516503
-0.002697981663869975
0.007254091755675757
0.002633551369892452
-0.01476793838245746
0.02471239321706269
-0.01662844074497272
0.0174491454416222
0.01197912246302702
-0.01238473129880539
-0.00948168864051226
0.03291950359636092
-0.01721291722233457
0.01690294948590746
0.02775103968003519
-0.03511675846113114
0.02079823535736166
-0.01244034484663564
0.03504833525964356
0.005267696776762069
-0.004641808028117706
0.02825756888741691
0.02646229990471257
0.001231142143484277
0.003778984052406963
0.01853770428874309
0.02204360428265025
0.01593152771965362
0.09003119471374933
0.8519396855414922
0.7454823509852366
0.4403064730993185
0.4287798935579614
0.3500451907852068
0.3279762554107273
0.3249688258314909
0.4243472107993674
0.3338115881032708
0.3745922496044726
0.4479506339931769
0.416395758863997
0.3532244689146383
0.386529669629124
0.3304941235793984
0.3611789449948075
0.4359543493766988
0.3661788344258242
0.3682994817223653
0.3974641008762065
0.303556955495387
0.3272940087324096
0.4073796974055525
0.3935403831048926
0.4045911136170952
0.3511285564560081
0.3690932314794784
0.3455015715270686
0.4089624815904868
0.3525942499181028
0.3871458106722064
0.3580679483199033
0.3636434182809472
0.3213164133896894
0.4008597093769882
0.399238075745839
0.3903995722167665
0.3733039030631013
0.3710525156941119
0.2856401409104946
0.4252603474629174
0.4067575664298738
0.3526116167041888
0.3833620354455418
0.3676065093047697
0.3088641261034413
0.4315414166063656
0.3666577191238467
0.36535905407804
0.3514627449687496
0.3488407210314977
0.3324758337892058
0.3762259950493088
0.4256382091671689
0.350539661655171
0.3326209809258549
0.3271753106330317
0.2812777396110551
0.4031836722650853
0.3543327658424977
0.2481553916772871
0.01232863360509041
-0.02358822015843647
-0.007413812801862526
-0.003495320362718726
-0.03482844938349415
-0.01521315799286521
-0.001453730304497333
-0.0207941142753566
-0.0006326601651197864
0.03232894124408125
0.009260343560983429
-0.01971912738026968
0.01618082458342276
-0.009046248397190326
-0.003767434654177432
0.009484405498907951
-0.0145620144134559
0.02207981430001832
-0.0132794991575699
0.0142988428926352
0.0122981569931756
0.008197297184015968
-0.0388345931837766
0.005676837584423348
-0.02107389236242698
0.001852989046240392
-0.001732186078761934
-0.01916014577442217
0.02056161493654415
-0.02657643426384795
0.01492046983894155
-0.01934231535158068
-0.006319911368928108
-0.01916068991536552
0.01738832752595114
0.009502564425468136
-0.007489334449373384
-0.003241481512299606
-0.02661169041828806
0.00128693032561349
-0.0135646622641887
0.0008453931162613988
-0.02068743983610532
0.006303895958468005
-0.01852670204694041
-0.00312583563568307
0.001224031047453797
-0.02151989184732998
0.03527308687018891
-0.02783806036175013
-0.0007673384112999988
-0.00141595122449147
-0.01178137335399285
-0.001506733477304978
0.01316792696234611
0.005263446473149246
0.006757457926626789
-0.006015064596898852
-0.01041083115406915
