0.002299225353620209
0.0001967489590011544
0.0005561482034722628
0.003635674387698692
-0.002873605439479344
0.004267836068147455
-0.007199425121850027
0.004017319707672389
-0.004168245277878157
-0.0009737138291188005
-0.003067329978432804
0.001984858758445358
-3.966584182720236e-05
0.002064761211758023
-0.003894298891132968
0.0008699337691130724
-0.0004449322966182064
-0.005749809288598508
0.001506096608472624
0.0001389880189511497
-0.003524397515517798
-0.005858605270242544
0.003215503934841814
-0.002784109821150369
-0.0002712607684964587
0.001704141008838704
-0.003443255370542959
0.002399124262545641
-0.003475147138306583
7.002241250392344e-05
0.000389164029117835
-0.005397448710869649
-0.000389689650606814
-0.001201057176315964
0.001144922227060445
-0.0009135047263028628
-0.0007152680098082998
0.0022902792480161
-0.001238119522008521
0.001944493204508123
-0.009378786509314029
-0.0001465135829364884
0.004163622974547984
-0.00156947112845291
-0.006128320734905736
0.0003033850347878253
0.003928990524353624
-0.005244117759891197
-0.00239125421450852
0.002262174770719076
-0.0006690735191870405
0.0001103679424323959
-0.004724300834106014
0.002975449335925119
0.004526005507899889
-0.001001317892823571
-0.009430397835636513
0.003851127036076496
-0.001993246267732856
0.002096300350525017
-0.004132859230564052
0.006407460173582666
0.08935927494673959
0.07590680795817671
0.0246721838545285
0.01441435629354451
0.003178010334375627
0.0005688739513321636
0.02795866330880594
0.04312251763412873
0.02735898121958822
0.004200494360023187
0.01719713053974228
0.01250143898646613
0.02127887871514073
0.02896252545235506
0.0119103867000605
0.01018873603624451
0.01561735355565654
-0.002898478107695365
0.01082547574061578
0.03592406220482648
0.01462399967994973
0.01450566518887302
0.01260837575366445
0.006627673576490108
0.01102311203715457
0.02080826706967366
0.0160760239858117
0.01406840222162297
0.01952274260597602
-0.004430775261033163
0.01184657535557377
0.01445099043144817
0.01348944674225463
0.01341635285748222
0.01241481247343708
0.005348063331980264
0.009006266668571935
0.01586151559052153
0.02340740468429961
0.001759960738501537
0.01862831964641963
0.008309984208535974
-0.00229292047473078
0.014693242899431
0.01012518971440212
0.002518498547044206
0.0164322072378945
-0.0007321805403817741
0.001770297502681436
0.02012524150938947
0.01095754474167682
0.001025525898601851
0.01382110562663745
-0.006145864841160418
0.002918030461212909
0.01494739684434444
0.006730092645517127
0.008163317928151746
0.008967600552653613
0.002362401694474367
-0.0003703787385513144
-0.0002177571347933832
-0.007445228653504605
-0.002015308290669613
-0.002563382539524602
0.001632835615909976
-0.003784741650293589
0.005653852641608902
-0.007154578134863736
-0.004462734929987665
0.0006163648938593028
0.00223136408219507
-0.003669026214544128
0.001848161628482854
-0.001991357531359158
-0.005022331901229842
0.003171629855545081
0.002711119481102075
-0.003822982529761185
-0.001503913802794806
-0.00411839747602666
-0.002700668452918843
0.003336703736858068
-0.0005047989635079918
-0.003916448132091194
0.005701987171440747
-0.0009769716182592772
0.0008426993077204721
-0.004690508821460199
0.009463375776779481
-0.005165241809608577
-0.003062635994516848
-0.0002397573196021019
0.004829549536194179
-0.003461559779847589
-0.0007889122491359869
0.002435846046801835
-0.0004801008233439733
-0.001020961104102755
-0.001642227671962388
0.002677055504293769
-0.004411889148174748
-0.0008303856979681252
-0.001038167100411756
0.0007263555669227216
-0.0001138286667921158
0.001117803049940768
-0.001588655719612021
-0.0002681833862722732
0.0002074259195487471
-0.002643184010316965
-0.004327643768622926
0.003910117903488287
0.001782788636293898
0.002451551909668425
-0.00805210672177817
0.004269173787210328
-5.459764505984813e-05
0.001758104587524609
-0.006090610167175815
