0.02052266119443935
-0.0519854297386674
-0.005199095444332897
0.03681511331311776
0.02416843488011685
0.004056299056502237
-0.02434125542343027
0.06165211650972145
-0.05207248624073784
-0.009862782346844694
-0.03834287433503331
-0.009434687763160254
0.08971158596907156
-0.02889962394508475
-0.03820485032245106
-0.02808697559958821
0.007192800826176888
-0.01010827281869601
0.002793298614582948
-0.01078165632624136
-0.03429507480160743
0.0358339614606314
-0.03273504444406759
0.04321958870351835
0.01829292429354359
-0.04133768875499242
0.03862512898789656
-0.007462736086254175
-0.0324327159098523
0.03840768677385992
0.00979070870655643
-0.04835458171089466
-0.01381399264703241
0.05369971943043873
-0.06161153011917414
0.0842200272971992
-0.07423603749271807
-0.0232269430896693
0.03428299040491668
0.002730338696958203
-0.001913542985456009
-0.02323100276848504
0.004521760103961582
-0.01609308229623872
-0.01638610073813446
0.00548076943868639
0.04720432581311129
0.00531165305123738
-0.01607585414761955
0.02783871800153543
-0.02373737060256066
0.07072156394210295
-0.06506874383339403
0.01469437598186236
0.007153078506596854
0.05875297554626645
-0.0412695571689945
0.005800811693862952
0.0144580188278483
0.024208546259786
-0.02416399196406739
0.09380657756446481
1.163130437071008
1.10608068522555
0.6050832232189226
0.501709633166298
0.3489209347729048
0.2683492184153011
0.3709951768893118
0.5378348884883174
0.348868654314181
0.3340257753381619
0.297468635342545
0.3236608983629494
0.3139831770597776
0.4460615679259339
0.2540098030685717
0.2866302756952079
0.3926894675314473
0.1769850038043038
0.1756650045633389
0.4392796205781414
0.2675225852682792
0.3199432911833283
0.2140126951231788
0.248795706294844
0.2626238227619546
0.2718058929674325
0.3391623895909189
0.2389920872615201
0.3031821231511602
0.2063107861598281
0.2440851799461207
0.25960321869151
0.2569429926321049
0.2183918408862124
0.25772349633634
0.2011324727483039
0.1653217692294376
0.3409099665905506
0.2237087184297691
0.1792265429293124
0.2828830998373908
0.2325944040911253
0.1638101741099314
0.2308276003902216
0.1959123685556489
0.1566657884431851
0.2445142820135728
0.1349741026009983
0.1452932243473032
0.2392490418033761
0.2128766459570648
0.1749126416442144
0.1578925017986652
0.129940367172658
0.1205233923446661
0.2202919501682106
0.1553389775432313
0.1661708579677266
0.1415244707307407
0.1502053799176206
0.07787758384822908
-0.05153266156213629
-0.09091316482107262
-0.0003858276104583351
-0.007001722801658254
-0.08980420331015261
0.008401472611903649
0.01861154310683933
-0.06946720202897232
0.001447742854524851
-0.01086216269331524
0.01354273417954184
-0.0305538380514347
0.05862245788885518
-0.06718197682742609
0.01033892293325138
-0.06524885526731593
0.01524636744931289
0.03230533920618437
-0.01515470366242044
0.01402783603622876
0.01151495964491761
-0.04585397607815065
-0.04701019468639733
0.01297626603592876
-0.01811036719453097
-0.003911456162794154
-0.03357228151338235
0.002621774298636548
-0.0236194367281523
-0.04459728404860969
0.03695716625041733
0.01654558681015601
-0.04106317082394199
-0.01738900903556542
0.02274714952578552
0.004490032975645188
-0.0297769884026881
-0.02010758589032637
-0.01884747728253904
0.04231149444382116
-0.08711932556260432
0.02111193860884599
-0.01938643322207059
0.02457329707720821
-0.0009850746750973405
-0.02539399010884305
-0.04163884167161899
0.02988521550737318
0.02180500851530184
-0.06926842690737234
0.04357070025273084
-0.03338982722901192
0.02441291476883667
-0.05122361067495593
-0.01980397886895538
0.03702467687333382
-0.02220704279897399
0.01560410390080106
-0.02141663507613073
