0.005246068199719302
0.005312287744938463
0.005423156278468667
0.00603500590521612
0.005470481195807265
0.006210670163971473
0.004933294185168868
0.00571636820238263
0.005011984823698565
0.004979308670674913
0.00457567390224388
0.005054977120471686
0.00510323518217337
0.005520295992817345
0.004899514357736967
0.005153518445601601
0.005164563150941279
0.004313674741195359
0.004762277050327168
0.0049037297214023
0.004476457296129627
0.003714828702994128
0.004537544287740156
0.004237814049121227
0.004401818054355575
0.00486414291498622
0.00440615100503634
0.004993284375426494
0.00451814359879941
0.00469904967882253
0.004911391191559712
0.00415690799583088
0.004339241914712657
0.004326903278367479
0.004704764145540615
0.004691335629126686
0.004706145231134992
0.005209074547218272
0.005040393744653628
0.005475057067573973
0.004001949087368189
0.004239334530836568
0.005091494524071108
0.00492458426780126
0.004067235089584191
0.004345932971566649
0.005165382537381629
0.004393964475795559
0.004210446213455964
0.004782501209696138
0.004779418963387458
0.004945075357091832
0.004284217588590954
0.004950324225531572
0.005737839457698015
0.005581693200234522
0.004079445489691858
0.004963901172208062
0.004702341471129117
0.005202002827138305
0.004658826222496776
0.005536345511820902
0.01935339504962339
0.02881244052335737
0.02890374237650198
0.02760226457360131
0.0247503941282824
0.02185684993624431
0.02365482667390294
0.02750320227131987
0.02834860206936072
0.02542510080355162
0.02510993610661014
0.02399348201731328
0.0244182517679278
0.02602159659458629
0.02467421135204297
0.02329643359606131
0.02306731332075652
0.01988882175707574
0.01932001234418255
0.02281959733086272
0.02232699992901961
0.0220066568757906
0.02144292434070295
0.02001843410823587
0.0194828576462153
0.02056945464049715
0.02072030164982249
0.02051316442205731
0.02132002684179372
0.01812602504618839
0.01808503694466553
0.01837379817648896
0.01847176641691468
0.01854688263331478
0.01848466347028478
0.01731012222407763
0.01690016071425122
0.01756060309248438
0.01939681044565143
0.01742520635189524
0.01855084949340771
0.0178427132790718
0.01555005640018134
0.01633689756698046
0.01624610976344099
0.01492696405442438
0.01610973489257355
0.01434085260337536
0.01323635472098876
0.01520256552300872
0.0154008159443588
0.01398135333159172
0.0149255524589698
0.01247954880348984
0.01187634415835065
0.01324478245694704
0.01305982634875053
0.01316605628785899
0.0133936395323055
0.0125516280765747
0.01142555041185241
0.01053489121873257
0.008609818490247048
0.007872760668397842
0.007107936716855005
0.007163040602278171
0.00628248454505688
0.007111397003106741
0.005737797888215749
0.005042084674318067
0.005218231555813866
0.005634894876573298
0.005026658329483961
0.005422482440371625
0.005142934204825286
0.00441353720788541
0.005094768644870348
0.005592055968151856
0.004978368186952093
0.004863728981822055
0.004336935747849124
0.004098579539867794
0.004855200108984534
0.004889725634681791
0.0043547226483101
0.005462148515702633
0.005288245872544066
0.005503772137336709
0.004723091354403778
0.006387491703600721
0.005414993765875587
0.004991612069003895
0.005025637846448833
0.005883913329370071
0.005274493310937644
0.005203636471698885
0.005645518327253766
0.005550033345311097
0.005405970671763783
0.005159538938172815
0.005668880625979424
0.004945942171890226
0.004935868959036152
0.004864079308661869
0.005091571688412397
0.005136168082882354
0.005386710309948739
0.005160149746385281
0.005184468925632357
0.005282177353898083
0.00492903203012696
0.004338999258409811
0.005155094674572718
0.005461204010991575
0.005900250458223517
0.004550674633481657
0.005419068118299598
0.005394063280088843
0.005731462189243866
0.004727209314266049
0.004334618020989373
