-0.003007612480199104
-0.01094844584089156
-0.0101264575013232
-0.00302146569046439
0.0009318841057021779
0.001405992169807456
-0.003087117609118118
0.007317033860845124
-0.00243765583616637
-0.003325146425762499
-0.008893149740183029
-0.009415773918367542
0.006156467406560673
0.0002700814523506073
-0.005604513033869721
-0.009234147979466079
-0.006699040463213258
-0.007489370333417287
-0.005978585217309621
-0.006745913492034183
-0.01140804443711124
-0.003823229316051821
-0.008892953406930679
-0.000779811428308639
0.002102387909061548
-0.005082740856264876
0.001859115717812207
0.000239979498702906
-0.005132785174666214
0.001630656985838448
0.002797730648763427
-0.005291384467411609
-0.006875601669988868
0.002884886216064979
-0.008089740599860392
0.006928152704871177
-0.006274873371787218
-0.00886754327466344
-0.002218987538517282
-0.00176016445672393
-0.001797999133400264
-0.005351362290608437
-0.003806202633616825
-0.005869885478928989
-0.00760036382307837
-0.0058460851682217
0.002301821967849799
0.00256928389410482
-0.0006050567933022469
0.004005854919261369
-0.000977981923509161
0.01064141852730492
-0.001766314233105224
0.001072245006145415
0.00149827522976438
0.01059841169646251
0.002087307734364251
0.002756765636545764
0.004305020440369844
0.00749490641732225
0.003124570729033578
0.01377938845674792
0.1911229834207619
0.3301569773771224
0.3704434957253893
0.3908405916220477
0.3843310735612905
0.3663408362249635
0.3666079053718622
0.3934830781705931
0.3858245937217052
0.3781183601996931
0.3655496379804044
0.3593452638331928
0.3516594185842341
0.3669303129268747
0.3489203478912918
0.3390771744861489
0.3480668019908829
0.321443334247182
0.2983881365000999
0.3210807477763923
0.3117363027670756
0.3135638160307949
0.2978347864027331
0.2904426030827319
0.2861377378722944
0.2835340427755866
0.2924376301923577
0.2835085118430204
0.2870157687500322
0.2741579455925393
0.2696291754262991
0.2679575100148312
0.2662939930866872
0.2585911385106797
0.258635390524556
0.2498484681531483
0.2361572725875747
0.2528496686191786
0.2479941650566195
0.2370258141309023
0.2443212600627623
0.2424329511209891
0.229953469841608
0.2303086021078788
0.2249916002889271
0.2140110423376619
0.2191863381905722
0.2058983201249724
0.1963886345964762
0.2030988555103794
0.2043789298571393
0.1997084854721871
0.193293081900599
0.1836046389285095
0.1735154077961889
0.1810299379586363
0.1766349243785755
0.1751047850453428
0.1696868884253639
0.1667467147859485
0.1532504079090495
0.1219031605235979
0.08916958661902012
0.0756993267643994
0.06325691991460314
0.03933059935122221
0.03477555252991769
0.03247285688843984
0.01633994746953249
0.01432664509938688
0.01013990666014047
0.01084799888436081
0.003859833384971736
0.01284883767176343
-0.0002412430761496023
0.001929814901937838
-0.00895300909613899
-0.005177301869863885
0.0005378719121471149
-0.002233703622315712
0.0001977857338505334
0.001929911760277539
-0.005567751699729132
-0.01215484100124691
-0.008164087006328057
-0.010036482891467
-0.009027284020431289
-0.01313106583583416
-0.01066140530806757
-0.01272723318131476
-0.01801111358439638
-0.009507587968710759
-0.005620835209582128
-0.0113245338173013
-0.01238456934129781
-0.007052490107563077
-0.005408049130267432
-0.009354839382572797
-0.01099145869474199
-0.01264293155423841
-0.003716300753243014
-0.0173614724906681
-0.01100121154513235
-0.01280460424632544
-0.007020496699141757
-0.006296844979539058
-0.009251151777183017
-0.01455659752863706
-0.007761243973117398
-0.003095515625120527
-0.01398415643908717
-0.004622014261604775
-0.00973514935039744
-0.004146517134037147
-0.01176136103795277
-0.01317345665618904
-0.005306128364572694
-0.008401428877540744
-0.004544473859817297
-0.007595623203483569
-0.01116113892208379
