0.002950167708541296
0.002925049289487332
0.003016639196867755
0.002734327466333398
0.002818254661763835
0.002800306897962415
0.002789632690865904
0.002745538503006514
0.002896695776464224
0.003018950685224457
0.002792484859470524
0.002813108054826045
0.002943271579190486
0.003116019694022907
0.003005522518870875
0.00282913048780778
0.002662527528593046
0.003026031607187121
0.002709312407995437
0.002849675168220977
0.002894382499744332
0.002830748798105701
0.002799451561331501
0.002782779922154188
0.002711290815322588
0.002723773958457571
0.002834629364505785
0.002613821651915455
0.002598459628340908
0.002653499339701586
0.002659464664071534
0.002464573934551947
0.002495976393536722
0.002664958220758397
0.002640242730541457
0.002585608929440326
0.002853372948938323
0.00274105905228919
0.002558092909161964
0.002443002152643035
0.002494673945184385
0.002573688507822539
0.002575414410361031
0.002570253694623399
0.002606401824515992
0.00251511803986948
0.002630131744667538
0.002865798204297589
0.002610675903150755
0.002665855534904454
0.002614544460778465
0.002542546691459817
0.002584535579432178
0.002722599933775517
0.002565309034880472
0.002497550502059962
0.002815900196815297
0.002805857989333096
0.002554387259385203
0.002967070700342053
0.002851808404398146
0.002832093430722606
0.007152597026646403
0.01115931436397085
0.01225891452376671
0.01286316985238065
0.01360387844130037
0.01378885160050447
0.01514425323245642
0.01586684702319532
0.01552411882621133
0.01602019683640729
0.01554499786533899
0.01663383587977156
0.0167332086298448
0.017374663862283
0.01699573277556518
0.0170502704053773
0.01694143243608536
0.01603983348149966
0.0160274107306983
0.01676863244376105
0.01660341364846758
0.01563962201908303
0.01556817336929581
0.0156273073577378
0.01615645632270109
0.01676469270067938
0.01654436893028981
0.01642423238614284
0.01643007037565029
0.01655766557978098
0.01655437752787041
0.01677596209514964
0.01621992220835153
0.01589930380592062
0.01547446908480086
0.0154794924441058
0.01606214151230159
0.01692574958797067
0.01736559137590006
0.01590459772548128
0.01634480439337341
0.01641420616521028
0.01606590763205546
0.01708556122096856
0.01754609441321242
0.01608631478917112
0.01635417766425659
0.01589853371462793
0.01623468188876032
0.01730449102615952
0.01694552329938621
0.01566120957181942
0.01528795714516126
0.01516636883150232
0.01497769489707421
0.01506399177291373
0.01505065398309845
0.01446218322700621
0.01453298170721277
0.01397955683016673
0.01340076132685218
0.01204108598773499
0.01071084548924431
0.009609534247490106
0.008692511331671753
0.007447248483405139
0.007232709734232332
0.006200800435475764
0.006110209656245963
0.005282638904606352
0.005451329598856957
0.004973691044397724
0.00462068245912492
0.004325437897184623
0.004263206252357284
0.003846224065423225
0.003511688947867453
0.003314134911918635
0.003678346539267151
0.003243351075934347
0.003184957762607851
0.003084002720092259
0.003251699589607002
0.002968482627340424
0.002989945977567621
0.002984940702597457
0.003032267910029951
0.002863225026515846
0.002998764221110713
0.002958613938598979
0.003186131657784072
0.003186394600412006
0.002949472599130307
0.003100073067598268
0.003079945694939214
0.003118805226908016
0.002934961728664414
0.002886127759153284
0.002832925333625965
0.003128881198934643
0.003142207938262019
0.002843221883696542
0.002808718363062084
0.003116811719306404
0.002923212377023094
0.002874399292367678
0.003139950554838545
0.002887430863861809
0.002745417611370966
0.002826450476502591
0.002890073609927466
0.003092470441214652
0.003358369127139088
0.002965783575304098
0.002918590169038711
0.002769693969742618
0.002721342359828241
0.003023593553672261
0.003168724203525703
0.002861395754464219
0.002832032556290972
