-0.006697866380934349
-0.01012887614726258
-0.00550180406889095
-0.009432413269215349
-0.009828601805863648
-0.00376010220921175
-0.009093351451023905
-0.01315030543641611
-0.007640502191233364
0.00079222450572574
-0.01219715929685414
-0.002340651187246708
-0.006125921799420294
-0.007448366179067472
-0.009496069509292614
-0.001812889039336534
-0.008480784328342204
-0.005749917758988555
-0.003994714812142775
-0.01116955021703192
0.004717628922398118
-0.006040719470316121
-0.005133230616973543
-0.007418264060238884
-0.004256987535468811
-0.0103731437866703
-0.006645190550427122
-0.003311925656717821
-0.003596325916772582
-0.003257761029288469
0.0001616579010839235
-0.002771025119000114
-0.006103023399059153
-0.001232636132573878
-0.001519529468813826
-0.0005445282398299738
0.002295053169258278
-0.00351220514368668
-0.001127265007446774
-0.005536711507804945
-0.0005557415973850187
0.00069745459318669
-0.002325259124997749
-0.004224642639217729
0.001842990665252066
-0.0008103489277842031
-0.003755338236805983
3.82049271138385e-05
-0.004833370628660884
-0.0001217527899742973
-0.003024570847364058
-0.0001981228242088533
0.002412210337404924
0.0004426665844882584
0.006236830411944538
0.005579032825401307
0.008327892547557976
0.006233666552527046
0.003428457073062997
0.007620500531894239
0.01196276480120353
0.01851644992539977
0.1475269388539759
0.2483620084642263
0.2811589716700837
0.3074070866293782
0.3161517242689363
0.3238549932117828
0.3288702668071809
0.3465404568028382
0.3470889103196731
0.3497229622888633
0.363597943041135
0.3661055865909227
0.3707931272537363
0.3787137381309135
0.3710369895254685
0.3689739017662677
0.3716024099425836
0.3660707292189314
0.3729244812010703
0.3760474817213518
0.371809075125599
0.3575638290579346
0.360619489941746
0.3602288714229044
0.3695481723216786
0.3699368289206177
0.3698878681609957
0.3652609773467041
0.3659459224817428
0.360229818476364
0.365815271598033
0.3658740915993059
0.3659504560817202
0.3523846585007215
0.3578163305847821
0.3514099721479314
0.3554475831227716
0.3639015789037909
0.3667709472123534
0.3494613562192006
0.3528944029726765
0.3497575153279203
0.3497803929198364
0.3596814199668271
0.36383732124708
0.3444872628918595
0.3531673412219706
0.3408783821579577
0.3430528363805603
0.3482798961393366
0.3436481884588085
0.3357115577631207
0.3293919314990159
0.3365607957017016
0.331399361029352
0.3324951580789109
0.3293565765139647
0.3187563503923064
0.320620248041285
0.3200872796756977
0.3028406849025156
0.2555756134933538
0.2110485319429162
0.1732257319275629
0.1452285880593329
0.1167148814719191
0.08966952973913232
0.07471109520834447
0.0605238054968967
0.04833196333149152
0.04872215271845397
0.03806325523024002
0.02665392237514342
0.02691240300462761
0.01634250611320815
0.014011017621008
0.01442385556821881
0.005560262564739043
0.007372751739934426
0.001932583233627321
0.002797093327866275
0.004508451916362074
0.006483278020327402
-0.003943741284787063
-0.004166896910332567
-0.007792634741583077
-0.007680654381296005
-0.007450468827234793
-0.007287271838669601
-0.00713824085700749
-0.01026064358805095
-0.008561856773766604
-0.007381516089662909
-0.009989669960023919
-0.01371570967074314
-0.008471322342633026
-0.009751731089570306
-0.009997688488114033
-0.0083968946024966
-0.01220343729364686
-0.01143975818122272
-0.01052041191856419
-0.01060008451247334
-0.01346851967814887
-0.0110178571279076
-0.01572617292457091
-0.01134568722277022
-0.009557590853761544
-0.01386035667118532
-0.008008545200573281
-0.01051622448986481
-0.01144658503551248
-0.008939355087667619
-0.01313650146727344
-0.009480645828245376
-0.003776506185319952
-0.004416782512403601
-0.005233209228985784
-0.006048006182324818
-0.01036182324830654
-0.01037671245788012
