0.0005736816546579603
4.271850375526664e-05
0.0006580472568408891
-0.001543386972012026
0.0004262029011449311
-7.026355039801979e-05
-8.004420770375176e-05
-0.0002666515561878119
0.0009323090835377768
0.0008645943887780288
-0.001203043180902571
0.0001059336643401446
0.0008864594422731535
0.00125353308342603
-0.0003822863921536795
-0.0009706145664719007
-0.0009772858252076549
0.002102040286214715
-0.001701356129819179
0.000758246691746938
0.0003592712196666437
-0.0003061559617547683
-0.0001739189399722661
-0.0001161157078513828
-0.0004692409901923693
1.15895276015414e-05
0.0006023102915470762
-0.001351351903499916
-0.0003053764655463413
0.0001655951190953383
-0.0001271364506931107
-0.001375330422710352
-0.0001316984985436019
0.0007823460233401785
-0.0002814433912130123
-0.0004636080595321338
0.001472928951632773
-0.0006390504625337429
-0.001260787574449047
-0.0009861613605616642
-2.214865029349998e-05
0.0002132864512966486
-0.0002022055237238526
-0.0002457029700925167
-1.534670532977518e-05
-0.0007528489585294181
0.0004829545810812861
0.001308916619748404
-0.001507748687233159
0.0001160049678651732
-0.0004527562418219253
-0.0006445140048640174
3.317199029227274e-05
0.0006517461872515374
-0.001074999677252612
-0.0006357540600492414
0.001726068442284774
-4.906544944290811e-05
-0.00152671733970579
0.002318092351963372
-0.000663239903991138
0.0004375046766737466
0.02807043864922697
0.03058404987816104
0.01586521155224252
0.01343796672063316
0.0147974441711416
0.01226046965293993
0.01973141302121275
0.0170569727357311
0.0110523112067726
0.01568923230652048
0.01045664428580751
0.0195741538843021
0.01475776884643671
0.01793158304556888
0.012275792013793
0.01448841608232416
0.01343841596088549
0.008374297731264231
0.01316366920365435
0.01797582679572242
0.01288373832686224
0.00762580020679607
0.0122429396143621
0.01323036756948454
0.0163103101969239
0.0172689148727274
0.01262280883617184
0.01293079488252572
0.01367445008441944
0.01444274459819927
0.01381665718342469
0.01508666677040828
0.0104466272298141
0.01123234631144509
0.01035385984462136
0.01271976678423864
0.01652294622894441
0.01896024081301002
0.01678325401068595
0.005396229486726474
0.01569973190828848
0.01400485380931272
0.01155394870169219
0.01981947527200862
0.01713374712963416
0.005575028648943592
0.01467705544836708
0.01076296972542106
0.01535204224603621
0.0202876569758103
0.01218590205348893
0.0058535501713426
0.01030566424753001
0.01167375325989304
0.01118452604936809
0.01272695912038423
0.01210773799301577
0.008546603030704836
0.011967529320886
0.008212728057752788
0.0072625425823815
0.001734555115681822
0.0004805591459245851
0.0006718722628259455
0.0006861932712033192
-0.002104033467752721
0.002979975298343295
-0.002091269609720118
0.002552351838704329
-0.001876588461025094
0.003381070485467885
-0.000372011399519958
-0.0001802803500818118
-8.014196948572613e-05
0.001050754372455063
-0.001225951731853567
-0.001175639960848984
-0.000499602039432638
0.002747957422155526
-0.001825574921977428
-1.839353184784247e-05
-0.000209807598181722
0.001296283356720948
-0.001310951830974546
0.0002614188800395837
0.0001882680429062614
0.0004579420381849732
-0.0008067902029894662
0.0008881642201819377
1.02595047560374e-05
0.001607396232753915
0.0003837587259610612
-0.001095641140583739
0.00107181341112195
0.0002196212398773678
0.000497400203044706
-0.0008441481500284478
-0.0002175417628484483
-0.0002011411618377244
0.001924991141613981
0.0004164727995676505
-0.001575271273794539
-0.0001590860408537537
0.001945199998697054
-0.0008784111462601136
-0.00016763602607057
0.001729324028575552
-0.001243872769536456
-0.0008442062242080294
0.0004537511236158006
0.0004752435301856325
0.001444303081403034
0.001953254921886548
-0.001899403357801155
-0.0002169992986937704
-0.0008363955988066822
-0.0003086028483787221
0.00187781197947919
0.001144043345172981
-0.001551479659582523
