0.01802560985181286
-0.02051176630260909
0.02445698610551472
-0.02354418964351875
-0.005059993110282948
0.03448883373766872
-0.0311695950822704
-0.02880609561649607
0.0296328423719134
0.05085968767434659
-0.07250688573949102
0.05412121712698068
-0.01828309008618801
-0.0095254044142639
-0.0126595600055746
0.04431332334250325
-0.03616563388713936
0.01459626250767577
0.01070748963240904
-0.04003340567194451
0.0933166998261646
-0.05443036948809568
0.00363914274960766
-0.01206103383493924
0.01763082304760211
-0.03567762610759991
0.01928577293786264
0.02161141689867189
0.001621409310340777
0.005487664469105006
0.02458664035717789
-0.01225771678438063
-0.01725661874837673
0.03076713847223587
0.004250541723620153
0.01157289805989562
0.0230575620800844
-0.0272436909218751
0.01623939554964337
-0.02143329824857414
0.03213541098003066
0.01426386129343798
-0.01255852369232183
-0.007381407443754536
0.04023294023434693
-0.008232257526192725
-0.01288516794843158
0.02546536616138935
-0.02297569780351608
0.03012462001242218
-0.01094516020800839
0.02126956209517651
0.02277298227756418
-0.002433716434948309
0.04309272821449948
0.009905678712747425
0.02895669342171231
0.001258016904381324
-0.005025894565115562
0.03633811418033675
0.0383850899690225
0.07719109479745888
0.8598304443937572
0.8171218436193045
0.4775694780112966
0.4568050369952287
0.3730162954160263
0.3720598847445509
0.3657234572193772
0.4479604538716204
0.3587509983803259
0.3718690265368015
0.4448102318213943
0.3883522371275548
0.4037782024971551
0.4269537976249168
0.3369759948121567
0.363599126748178
0.3908772972103301
0.3443343025562451
0.4158221137016158
0.4001960449246554
0.353435046640456
0.2875177556144049
0.3810414355160829
0.3669206016148547
0.4257861196681521
0.379962714847305
0.3750726263784614
0.3472015478698016
0.3742505942401655
0.3371926894738742
0.4013178536095428
0.3741042916270722
0.370289129380833
0.2873111953201443
0.3901481435259178
0.3250826432650861
0.3836720496607506
0.4174273189846722
0.3867983305724357
0.2640739764016886
0.3745508261261086
0.340052931028593
0.3572534774505373
0.4205357662841976
0.3905777082182035
0.2494980824126924
0.4010364913455365
0.2835598020541834
0.3601082285192506
0.3829263022746592
0.3249641485572569
0.2975686012509592
0.3023069810044329
0.3798262068323537
0.3117690700611122
0.3437120282885128
0.3175382209723664
0.2683200204888622
0.3362124611466638
0.3233627869985799
0.2110833863230906
0.0009768729233131743
-0.03204072339956045
-0.03105484047966946
-0.005695121829658927
-0.03597715689674996
-0.05366847169901416
-0.003715577795496604
-0.01218923154109932
-0.01155774030412003
0.05465304896225722
-0.01388901603128241
-0.02907621579202577
0.03179636310545722
-0.0337482160748709
0.006824641181794916
0.02158238363647306
-0.03480325427064467
0.02129990971433246
-0.02014648316243038
0.01323711428740101
0.02108200443402039
0.02206983016488545
-0.05298088891591429
-0.001094822374605923
-0.02047122744517404
-0.001126898788252062
0.0003622281252568036
0.0001851409539485978
-0.0004596448079746438
-0.02029517975644434
0.006788538620134001
0.005418202303187692
-0.01817776778304039
-0.02676570977737096
0.02535693936922965
-0.009384220944377002
-0.004835535607398864
0.005955355924909452
-0.02581519223725018
-0.001374457129850445
0.001139760275045055
-0.005018493776212508
-0.0218775722820387
0.007192088268403485
-0.03340946714775181
0.0181965043610997
0.006320254390490513
-0.02930053278482573
0.02867236945702123
-0.0167577485466041
-0.00998875060021792
0.01002165883414377
-0.0284001595239104
0.01675217698073042
0.03375945818144457
-0.0007820320103510713
-0.003429013321047581
-0.004902495738161253
-0.02641065465503122
