-0.008059530238250023
-0.04479876152139116
0.07659891756182854
-0.02000735998646662
-0.02769732072306992
-0.002889523780048462
0.02463673490095646
0.003362246863295344
0.02247190476436101
0.02605267872480298
-0.03366842803686002
0.03320554861549464
-0.02864568434532071
-0.009705702489617466
0.02105803106720893
-0.01003605214829367
0.030681657930769
-0.03556374138371855
0.01127163777608665
0.05758557179095742
-0.007168029696795481
0.01487825070725707
-0.02597332718548784
0.005791171818549466
-0.03706203911278236
0.001605494567981236
0.02150366444536615
0.03183132508089813
0.007046582929916765
0.02083056492702573
-0.04049850019734726
0.01581966346892977
-0.01490048727598441
0.0297449284334183
0.01876922650637276
-0.04337528486677728
0.01149663508758915
0.01102824862637005
0.03360603761189039
-0.01943151843224925
0.003596112345379518
0.02795844554214948
-0.02161379483542929
-0.009298734077992164
0.04836016151381896
-0.04513422835441089
0.05005417305299407
0.04424255762117606
-0.06630863441299759
0.001110265254222026
-0.008598269961099881
0.0381850999188186
0.01537164754051694
-0.01925475573103582
0.01513454199877352
0.03618714283634702
-0.02157207534113596
0.00689015984488697
0.06055953286517693
-0.003273755202487886
0.0006613131747651399
0.1095509751126486
0.6633689025152997
0.4216151789840269
0.2846823181995014
0.3404590704360352
0.3119531585869204
0.2872420697074535
0.2303408127427166
0.3206210974964301
0.2832877212262236
0.4020309080984326
0.5379990276990256
0.515902172878132
0.2901012011995309
0.2848522544269034
0.3626442069996188
0.3990861266636141
0.5363138918458693
0.5095623099966231
0.3966799800806302
0.3693072549853914
0.2397665046124567
0.3984898204245059
0.5606892168188704
0.5199395070385826
0.448818658035642
0.3471952301749731
0.3758706261234094
0.4026238113593789
0.5270580491181589
0.4609481034350621
0.4438286222595878
0.3864906464050335
0.412535562673405
0.4366122298977753
0.4995344691143307
0.6358277842982114
0.5285089475569359
0.3171644611319655
0.4274945833239821
0.3819309887538219
0.5909371474213401
0.6173017213737769
0.4511227022710941
0.406603875997739
0.4255824141638145
0.4946657156053054
0.5883044660312925
0.6372346353671808
0.4981561430293261
0.3616215539752967
0.4656698816621838
0.4800657631460674
0.6238098635841407
0.6694116336901978
0.5454494390116127
0.3771892057603482
0.4402031283146179
0.3679524829648215
0.6634566052829231
0.521510989682651
0.4065558518562837
0.06743355731989356
0.02857985758678398
0.02848250273491469
0.0021880275452413
-0.001928575310499828
0.03631552910217128
-0.008941785076246477
-0.007886851835862404
0.01661337821523646
0.01902045420499933
0.04587416271680354
0.002157582848979765
-0.03404812961425622
0.0653400269186131
-0.0295687677314968
0.03118049343801666
0.002772519698937622
0.01763539229425816
-0.0006468247347708688
0.01624136624204544
-0.002068750530883223
0.01525332269342886
-0.01038178267410007
0.01298149045646264
-0.02375899107228121
0.01012319629874978
0.01266992801748551
-0.06404086765650058
0.08088333479209546
-0.02701584830560137
0.01621799996839992
-0.08129691069975574
0.03323838733642448
-0.007337810030493834
0.0009364652845040881
0.04416550575058466
0.0005896450167917995
-0.009246428365948023
-0.03232739360070853
-0.0173322284673833
0.00307361201781894
-0.0006836182045092484
-0.0194138371389896
-0.0054831024355
-0.00331675024351247
-0.02652970878138644
0.01677385487414493
-0.03735540437086411
0.05398620250222599
-0.02318316885392206
-0.01019366147830822
-0.002689470968302991
-0.004150317565840027
-0.004286578892939987
-0.002975381770228066
-0.002433451366264565
0.04024339262256796
-0.02006697289960715
0.02276072255078638
