0.004157646923268437
0.004474479546572803
0.004201840668255274
0.00443042014227205
0.004414769563885142
0.004487236650853005
0.004110566425079691
0.003793846776257906
0.004373226933282339
0.004199022797393643
0.004011457119570128
0.004101537563052243
0.003899726128460328
0.004246528357199254
0.003742702619219229
0.003866295675482289
0.004519253454116335
0.003904259389530256
0.004108968826479093
0.003909695330744769
0.003403296875068491
0.004103693944733774
0.003499272207272539
0.003471361032845959
0.003556869724878856
0.003709720349987923
0.003680182426569318
0.00359301424717549
0.003780642271820303
0.003698978723193788
0.003413053926427879
0.003387686121719273
0.003711170821249261
0.003722741590582573
0.003669857072311812
0.003484537838416662
0.003974838249854709
0.003340998482441811
0.003774752129775338
0.003590372734985638
0.003564572287348037
0.003524518990053009
0.003852331994223575
0.003771137125245449
0.003625979213389217
0.003625644140612637
0.00374007713942782
0.003860735236082977
0.003507200133075957
0.003526030228868855
0.003856725110130644
0.003276277326234421
0.003483810351177084
0.003757584694851773
0.00387259886098447
0.003525733035470841
0.003363671998805628
0.003611928306928936
0.003882626401592278
0.003950909802830104
0.003256865692906561
0.004558771863542885
0.007017291610568551
0.01070805371838794
0.01065268748621646
0.01104787913815791
0.01217607892791471
0.01411536783593686
0.01423066778778257
0.01483469516488642
0.01514170980303751
0.01588067135442221
0.01732772595586802
0.01940579262510747
0.02003918203419116
0.01924026211128198
0.01844347844508477
0.0180927089088488
0.01889366928716806
0.0203209069065849
0.0215182069711213
0.02138200547701514
0.01915117242324982
0.01839477595927423
0.02032305213386718
0.02097019142569944
0.02265311298245339
0.02327725616654292
0.02250062998699472
0.02076182203896681
0.02126666805659113
0.02220429169722709
0.02381569074764369
0.02400156343497529
0.02304387475567466
0.02180972386132426
0.02135131347632336
0.02328926872562357
0.025108873594665
0.02421061576553394
0.02376977170856467
0.0218813661838375
0.02238104017256347
0.02379251022791951
0.02484324728616668
0.02477187239558208
0.02414649263548542
0.02378011371937517
0.02334101027796006
0.02437585485477536
0.0251168508544145
0.02582567213176677
0.02589150405259508
0.02513702261031837
0.0243064089885722
0.025749605124852
0.02700523305115961
0.02625021572840733
0.02561242416698847
0.02455932038488794
0.02573289893199332
0.02550267993417845
0.02533343833108519
0.02224665362957568
0.02063170072077363
0.01879885032693447
0.01722165613052147
0.01530850794125028
0.01408983530484454
0.0118040038944111
0.01070476053152672
0.009638778380738034
0.009430296426889848
0.009442049157663248
0.00828460542988356
0.007053110567324092
0.007224073806380108
0.006190866778989485
0.006112586079632891
0.006301677286798316
0.005809718362613374
0.005770105104335374
0.00527547109124521
0.005472640964568314
0.005510923193722109
0.005046473108285933
0.004812307931565971
0.005098143486853816
0.005056095302905415
0.005858888541914303
0.004640748641409784
0.005426460321653856
0.005239730065805245
0.005197150440367235
0.004912009653611344
0.005263271749416583
0.004799529175676762
0.004617168037718914
0.004536270626330581
0.005027859457200217
0.004816509295702749
0.00485547195529033
0.005081394407049336
0.004019863619455434
0.004311730432515816
0.004554071212661171
0.00461284323442314
0.004441449378664031
0.004137381984252361
0.004592847594690071
0.004286132149017704
0.004727056423561931
0.004318987094449192
0.004428302367820362
0.004177795190898661
0.004491555624737493
0.004111722366573673
0.004132535401191767
0.004641813147228474
0.004749710353998777
0.004040212404409064
0.004087987540726229
0.004040241264425063
