0.0003202194086980151
0.001829154605078727
-0.001475577897025452
0.001300590599662834
9.94705857216484e-05
0.0005180580228556845
-0.002264738124480073
-0.00215798110159748
0.003119137859172021
-0.000969949837428827
-0.001312874318822287
0.0002178480328147324
-0.001386175836486116
0.001685569755488542
-0.003198999202860889
0.0002710733418989135
0.003642362875806273
-0.003552367579216033
0.0007811661008979833
-0.001512979016597823
-0.003505814296268606
0.003389642289802635
-0.003923876064424145
-0.001077661227388334
-0.0002455784958229312
0.000241331911845881
-0.0007779055834124933
-0.001148129913015465
0.0004714745031501715
-0.001051916809485566
-0.002449412340559046
-0.001035367266913935
0.001152808409821015
-0.0004685292743462657
-0.0009666021047020369
-0.001714206711489038
0.002157921315723726
-0.004196689205358419
0.001661653061338422
-0.001616607626241598
-0.0009298168531923363
-0.0009322739931446738
0.001295427895475984
-0.0009365293605498113
-0.001476150142466983
-0.000679825672814636
9.041719271454869e-05
0.0001668034765401631
-0.002677542050724346
-0.0006538142574038573
0.001240504147385793
-0.004057943161186488
0.0002405257380531095
0.001002701347551914
0.0001741229574749829
-0.002656896258919604
-0.001827762761523386
0.0006705521212042442
0.001108480715084681
-0.0001133442880020193
-0.00464672248506991
0.007376308650810039
0.01667182377961587
0.02645146319708049
0.006532830026688463
0.008844221553598658
0.01426956657933977
0.02034150427582249
0.01087847727385596
0.01374153499484598
0.01262618793551894
0.01571308480819941
0.02117660178895952
0.02654533262172328
0.01928931239806081
0.01057693593459017
0.00965372949678886
0.01189656247096149
0.01903770823593032
0.0239870770838291
0.02387222671102587
0.01615302962609132
0.002663302541972255
0.01000499051429635
0.02634054031693439
0.02068695398169934
0.0275262605313776
0.02247967929911245
0.0137875470633332
0.007065572990482106
0.01952786852601915
0.02330171798859202
0.02833036275991068
0.02079645277498379
0.01341348770203455
0.01061067125763535
0.01469120029572463
0.02965608606396535
0.03072227981640433
0.01530970257561471
0.01660054550994032
0.007463170711816266
0.02068171144396087
0.02734858701129625
0.02637229596884834
0.02011433992302267
0.01641200566607397
0.01732085415560695
0.01679408251018262
0.02565386550255971
0.0250589578216247
0.0254363867629335
0.02193144289676335
0.01659929097728884
0.01563376534032433
0.02930401453547801
0.02956815520609206
0.01798588133047184
0.0175389955513258
0.01474831296848039
0.0275573731548761
0.02026656380611982
0.01963413446456591
0.001225110819671058
0.007019204141321041
0.004375917379127058
0.004017893016802676
0.0004954081241614441
0.002723386614621283
-0.004976448049386364
7.045026061857799e-05
-0.0004829475306794422
0.003945832708185575
0.00507168700914401
-0.00239765961850884
-0.003938378899134403
0.003535080980653026
-0.003590172900062445
0.001289463778102265
0.002959090103219254
-0.001078240415990505
0.001095826549102807
-0.001630345317886972
0.002182785404084624
0.001395255331916558
-0.001784921747996367
-0.0007636653533271103
0.002275139511018846
0.0007528089718351396
0.005618983759387411
-0.005927218053818673
0.005102555271914928
9.521929798690829e-05
0.0005638027901555073
-0.0008413407103832949
0.002737655785957815
-0.001947841292888929
-0.0007660073023834269
-0.0001225468245456025
0.003318540166827423
-0.0005390832543003237
0.000793901205065701
0.001822958539915826
-0.005889985698118678
0.001449699283839182
0.001643203455172208
0.0006396571861473915
-0.0008386599662008563
-0.001733016776788288
0.002627951050965306
-0.00149318027955836
0.002661070246612999
-0.002064771456002148
0.000591333877122601
-0.001369911807349524
0.001770477178146214
-0.002182454073430092
-4.124895131494783e-05
0.003125596945466809
0.0009878456168679784
-0.004051031830117924
-6.280247535471668e-05
