-0.003541384750916498
-0.0111307412790941
0.002148278797994514
-0.002354320020047355
-0.006937653839033297
-0.007104747618238131
-0.00289588528988576
-0.002856007446195945
0.0002407846516051769
0.003649333486345979
-0.00324238539348674
0.002018476644922512
-0.00368894279624025
-0.005367829621826581
-0.001897227204176401
-0.00421761833327569
0.0007390448925267348
-0.005883247101807903
-0.004033918388123657
0.004888735081772124
0.001936368765559233
0.003438857294149854
-0.002082317357907836
-0.00133037943592816
-0.007784910984444378
-0.007004679813383368
-0.003469156155762373
0.001236949272104093
0.001165430927720506
0.003711588622759528
-0.00417748022239327
-0.001517987057166995
-0.004615485131155371
-1.38530637926183e-05
0.002250523682660512
-0.005795143039761489
-0.003667750591644125
-0.002378064748327965
0.002589237409571571
-0.001751622239750421
-0.001699477760656469
0.002266559893465191
-0.00227996810398268
-0.004292775275563943
0.003504103842241354
-0.00529972448502578
0.002647619775649859
0.008505842716690025
-0.004179164840303669
-0.003731990254473412
-0.005500333512583712
0.0005681694224762277
0.002081492189603404
-0.002090108827879595
-0.0002152797559961334
0.004795385422934404
-0.0002058898964076093
2.71813139333693e-05
0.008805153757633492
0.006055223303258248
0.004781348272173226
0.0182884285222896
0.1177522461964852
0.1623069819489358
0.1797500105835212
0.2037802220579108
0.2193237813938966
0.2291034204221662
0.2280577000808613
0.2419381972787709
0.2470171002285748
0.269764558340769
0.3098894289669749
0.3409151934279964
0.3318489155985443
0.3239601526759079
0.3293524974693056
0.3387618831205414
0.3683697125050186
0.3891573827678045
0.3891672373738611
0.3859905322150138
0.3623121878046585
0.3671282377482973
0.3961694127705191
0.414034158212643
0.4187252855863265
0.4067933550925205
0.4015753347198283
0.4005719002735912
0.4195770518176286
0.4247616073473489
0.4271191922105649
0.4199698178375932
0.41821104452956
0.4202382078615527
0.4311585175051886
0.4619688645033773
0.4716159830447929
0.4464521055819888
0.4437336028549977
0.4327029992836988
0.4564268579884964
0.4804464657987215
0.474844366212115
0.4637625505612499
0.4571889307906573
0.4620759122330567
0.4804161969015653
0.5038294407799555
0.502257201420964
0.4795401917549271
0.4772429967163509
0.4764471417150221
0.4982366653523226
0.5236887362325329
0.5263916195238231
0.502298156384707
0.4930074060000337
0.4718904165315559
0.5015558719463732
0.5030917988526296
0.4884783250076332
0.4229430805720474
0.3624834432284494
0.3111104227288473
0.2633986076646952
0.2221863721568723
0.1934620975980614
0.16180023038403
0.1352424205234453
0.1165601368681296
0.1008387263164003
0.09191230729211593
0.0775708882423596
0.05937997447291096
0.06023439679159229
0.04521557169081465
0.04271647033470743
0.03567313865385593
0.03232430000842988
0.02641252632220758
0.02425502988570495
0.01934187445910897
0.01813881492716799
0.01283823512160037
0.0123500076472274
0.005863150100890989
0.005807927103135093
0.006453133703805364
-0.005821873701509388
0.007503988653942372
0.0007786596964659362
0.003033770288437091
-0.0112855159688716
-0.004687437538987104
-0.006075827033754966
-0.0058828841444815
0.001213022644214075
0.0001850163705033247
-0.00190539317476738
-0.007374029094085697
-0.009643216549607985
-0.008430021204825106
-0.007972626978089013
-0.01056624853705195
-0.01052139303301304
-0.01007687445784387
-0.01360170540450698
-0.00932444517254933
-0.01492125976391822
-0.004617236319561828
-0.008565404879239699
-0.00947732703806654
-0.009191187583909181
-0.009195539517590412
-0.009211900821526561
-0.008977784449145397
-0.008938596679577497
-0.001861574604636294
-0.005785054399656896
-0.001953656286522175
-0.002624896046762637
