2.456941956170124e-05
-2.914781639886256e-05
-4.281633212940046e-05
0.0001425329376831268
-0.0001379780355672309
3.591620131402955e-05
-3.887840921142358e-05
-7.03284295131767e-05
0.0001676803579531217
6.983118693244166e-05
-1.774941361264083e-05
0.0001450021213473887
-6.600213153861051e-05
9.426964682808286e-05
-0.0001492745934140189
-0.0001716443001716112
0.0001391096252544463
-1.837779746768186e-05
-3.234681874797959e-05
-6.678207318942704e-05
-2.640081532481518e-06
-0.000185023806712075
-2.19456026407723e-05
-4.447782603737927e-05
-0.0002365271993630237
2.139034863542329e-05
-0.0001951377627512588
9.758050050753246e-06
-4.700536756389925e-05
-0.0001341405061256134
-8.657566214952628e-05
-6.084656883121493e-05
-0.000178921247978263
-0.0002567088601062092
-6.572889990875746e-05
-0.0003099616858731194
4.040595446758485e-05
-0.0001301069135244727
-0.0001694106256708405
1.42403949950047e-05
-0.0002394588873641179
4.039695735502213e-05
-0.0001468168050519213
-4.376697826850157e-05
5.701640308428058e-06
-0.0001655242663563442
-9.140308204234283e-05
5.235185774221025e-05
-0.0002791349779098878
-5.967878261112966e-05
-8.416624208889083e-06
-5.877423882617001e-05
-0.000144112547741251
-0.0001563039783038332
2.069165469090844e-05
-1.589806578089236e-05
-0.0002069236670183057
-0.0001094216781528926
-0.0001345815634055131
0.0001342416850074559
-0.0002295074074370218
0.0001715022059198167
0.001567889890909948
0.002873912026680615
0.00252652824425587
0.002561092515641383
0.002574714127355982
0.002634197604250251
0.002918155676213066
0.003261638960907022
0.003039650452752166
0.003252021381832976
0.003130976394083222
0.003592099767481689
0.003454268623530244
0.003622414514478512
0.003278976923000074
0.003442681441567925
0.00349908195591911
0.003346982569152308
0.003433068237346482
0.003664465226179706
0.00322886567101438
0.003182052791107642
0.003338607945684957
0.003422010636141737
0.003654164726764593
0.003648735228185779
0.003546210349939194
0.003426362231920131
0.003671855935579405
0.003541730157761599
0.003732796044902132
0.00371695130067101
0.00351113813805823
0.003407868200827472
0.003320982136210957
0.003561462182360065
0.003827130095650661
0.003775179541459414
0.003871046016232814
0.003183253102680789
0.003672332541542053
0.00381240834469991
0.003732647948192998
0.003800055584408524
0.003814970970950974
0.003462909966845298
0.003731530900282677
0.003713603787297392
0.003813293194495839
0.003875890790825572
0.003827229631724065
0.003523130305583354
0.003620045943971277
0.003744141825418013
0.003808050532008019
0.003658795409952641
0.003529527156991522
0.003276037720994462
0.003695581852180267
0.003449380663714492
0.003319349457344935
0.002609007728357972
0.002332054225562183
0.002086042033695192
0.001717570595239005
0.001253308179875082
0.001168046896296317
0.0008967286966525161
0.0006699110428641275
0.0006130121504074891
0.0006230244316673866
0.0004439141456605385
0.0004445366189952359
0.0002793392351801758
0.0003734674584683131
0.0002238684040625341
4.085166560777299e-05
0.0002886325859342104
7.253824030626359e-05
4.400064223370517e-05
9.700298950451141e-05
7.594371170559821e-05
0.0001256243641872977
8.362961961643221e-05
3.719546730176122e-05
8.828727571342082e-05
8.679600520123473e-05
0.0001201140739045281
9.0895987081432e-05
0.0004842936159246478
-4.423864910545065e-05
2.199076363182078e-05
9.254330577619645e-05
-1.804152513052109e-05
1.835282495408149e-05
9.187928595227632e-05
-7.058447783535009e-05
5.954102609600335e-05
0.0002477845137738761
2.512479243018572e-05
-9.92937525017122e-06
4.299563203904625e-05
-4.480214182538327e-05
-3.184429099834637e-06
5.288441458669132e-05
0.0002464037118789963
5.08259389549138e-05
1.803358261863262e-05
0.0001299183647689831
0.0001368507553890576
5.569394322738183e-05
-1.889852158245222e-05
8.032768401322294e-06
9.445404255691394e-05
0.0001104134110824808
0.0001880106204332537
-0.0001022890249506929
0.0001251839370879274
5.236564596920519e-05
0.0001130349725525523
