-0.03094848327458529
0.005117933902347901
0.02467607102203433
0.005816401607722123
-0.02009444366531877
-0.01512669708332099
-0.00685175078022356
-0.008083976587685752
-0.009410974260324369
-0.001109535097636249
-0.02731709704381276
-0.005186699352186368
-0.004228875680112658
0.001324450221453528
-0.01881432638520316
-0.02585473113853522
-0.02275163643042811
-0.02372308395673954
-0.02767573051680758
-0.01932049880275055
0.0002516873986908645
0.008919571037650448
-0.008667094344106296
-0.03033925771519092
-0.03521842408335279
-0.03738731000813997
-0.01502762191978895
0.01297497166472297
0.01077175652676591
-0.01547731945524793
-0.04205765077957823
-0.01810040450277912
-0.004514757836619715
-0.006445188404014204
-0.02203403450898079
-0.006140096546372008
0.003980654023883984
-0.01714977926771294
-0.03318909964400898
-0.05432536131649017
-0.04802977481139682
-0.02605751336556783
0.002316497319311949
-0.008004754519394194
-0.01163950405970118
-0.00987899098634893
-0.02118277488144987
-0.03529886495527804
-0.03413221234191961
-0.02891133678744767
-0.03114818272080758
0.0005575531029469715
-0.007498789725629956
-0.02640239020050559
-0.04123346542931335
-0.0295095941516201
-0.02349969559956092
-0.01798755288762722
-0.01198866667236923
-0.01152588348045238
0.04697061830869377
0.186937502101568
0.3349384780805033
0.3474173037196471
0.3108574190848644
0.2617553160136968
0.1929866722895696
0.1307354019906988
0.1362649544042194
0.1863240034865737
0.2150648987489324
0.2285495871074321
0.2099557258131813
0.1802481715964103
0.2013485770069775
0.2032530564042674
0.2317398037794524
0.2821904091391633
0.2643158974342503
0.2016790747014994
0.1773060060773153
0.199892421457203
0.2225378366387968
0.2383251773603366
0.2491506265715107
0.2172345192605926
0.1915518847134446
0.219769772299897
0.2570376697538682
0.2728623115518533
0.2734609769354717
0.2267044137572406
0.2069791593894496
0.2066267138377535
0.2162531290163254
0.2625254026377513
0.2724949202201482
0.2594720001974713
0.2298100515375676
0.2418809879579567
0.2500527066130931
0.2896492113498468
0.2871806235105765
0.2484300569130826
0.2315527681883216
0.2495655474422243
0.2719961163465932
0.318054842580931
0.3192829792161087
0.2628598735463449
0.246289496193088
0.2533016628838451
0.2743201188284461
0.2983245072522756
0.3023472904199005
0.2647473892781994
0.2438706823526125
0.2626226223563097
0.2872450051782295
0.3138595223822684
0.3247716071553806
0.2394857191819628
0.1110688468029274
0.009354177896374405
-0.03993075432266856
-0.02482580980106951
-1.540761905474483e-05
0.03924699583239073
0.06047365318002297
0.02270552057647148
0.03420488707324868
0.04200863895048309
0.0526531646401352
0.02313639341774134
-0.01163844538016848
-0.009345719318738852
-0.009761114302248354
0.01579422833613946
0.03182844085335792
0.03102446839289681
0.03099891542983843
0.02414327558051231
0.01080265953544269
0.01698928779532873
0.003600055345796794
0.006753332027377389
0.01745167452800562
0.02366022608914448
0.02405585232147831
0.009849236895738307
0.008431670275068149
0.001419219934037251
0.006996863946434811
0.0193754108567905
0.02488519698609691
0.01912609400565369
-0.001845272526948961
9.249583376319354e-05
0.004739668830881875
-0.006588176625426799
-0.005848327265881824
0.01027396636542843
0.01440458458557222
-0.002145215408872234
-0.01842378599308995
-0.0241066502676394
-0.02958155763785821
-0.01949194792494331
-0.003536821015127129
0.001469261450633281
0.009305352836406783
0.001534029190256449
-0.01481580172875052
-0.01361366842094147
0.002425896976797159
0.003385359162247715
0.02089252945573349
0.008153293923532206
-0.009940451919606545
-0.005254203475108703
-0.01563954609989338
-0.0302330831351929
