0.01326769775011383
0.01537809103748712
0.01975770748939122
0.02019492120500024
0.01516099719939177
0.01498007254687966
0.01573538979327594
0.01521207177676913
0.01179646165250769
0.01861787949500893
0.008667852221718193
0.01376247596150885
0.01065714716076725
0.01467025324427815
0.01132232509694031
0.009336409420517368
0.009073049320438922
0.008705614105987268
0.006501521416354907
0.004727830252146735
0.005781303140771202
0.008937457625041063
0.008728441891540517
0.005378008244085634
0.005647086831381104
0.001739445497036646
0.0007587385356565712
0.004730707775140047
0.007025558862538225
0.00799191693616761
-9.663862452936777e-05
0.002659356922860559
0.003554966800130796
0.006169328678642278
0.001021158260603746
0.002163234242161619
0.006509910161176175
0.003541634117190137
0.004417697504243773
-0.0006805397682611781
-0.002598055093695414
-0.00499344318891439
0.001207557168017605
-0.0008475454799731932
-0.001457831650243505
0.000493912557747377
0.00050287998949542
-0.002343382649821036
-0.003407970845535092
-0.001280952202114569
-0.008249059969059907
-0.001316396618241687
-0.001459156511860994
-0.001676329383446615
-0.006098710934649523
-0.004646860712217976
-0.005091140596595354
-0.005301342897200372
-0.001101769364645912
-0.002915066517023415
-0.003863901914443803
0.005608385044109562
0.03969803641005847
0.05770694693339008
0.07255252751865951
0.0873514163236984
0.09690168144162811
0.09558258567200546
0.0969058378736808
0.1073630948242808
0.1140198825548093
0.1242967552089544
0.1328888550537958
0.1299575052762872
0.1415614827037204
0.1438243459991139
0.1459146552881707
0.161577910387884
0.1722436266279766
0.1711908305437272
0.1696278250951698
0.1746311681775336
0.1791305952353385
0.1818099797937844
0.1916464274740161
0.194186574642227
0.1901290802012877
0.1937466851246638
0.2006946967420919
0.2042757287308808
0.2152666987070661
0.2126672890718918
0.2131844701280295
0.2156296216445224
0.2114161085714204
0.2201885499202439
0.2241501679401035
0.230113885487747
0.2256091389139205
0.2318674365614185
0.2282946527072854
0.2373573097511721
0.2442733193410264
0.2431445061431631
0.2410917871942123
0.2452114053483342
0.2432978234860083
0.2519788797717015
0.2630540560362951
0.258045590483777
0.2586153125365665
0.2591741186868093
0.2604927637137401
0.2639636868849433
0.2715986025056257
0.2702779573206183
0.2665883866948602
0.2688771008889546
0.2703038112874534
0.2707798956906882
0.2822404572715452
0.2813910517958556
0.2691868526528135
0.2528510726431547
0.231639679417842
0.2193709714023243
0.2044030504474407
0.1944145414121179
0.1946927461003241
0.1762391948146781
0.1712779092865632
0.1614181060683666
0.1595589273412665
0.152229278521533
0.1384422766753491
0.1335824844326176
0.1220483392559145
0.1177312403699104
0.114545642258262
0.1088774183290957
0.1053098672663496
0.1024600021509625
0.09417556021823706
0.09418032883122622
0.08701317313190207
0.08271166168891145
0.08009218400038311
0.07708444786319905
0.07658325925335549
0.07090404746235136
0.06981681542052631
0.06517317611049267
0.06202674756200021
0.06077466899549346
0.05949435636889334
0.06010895060512557
0.05407299864772878
0.05168800326097973
0.05212743423757107
0.04806200744739423
0.04398938808348345
0.04380255346002276
0.04446865918532639
0.04191874241814071
0.03796049793518558
0.03632962128489418
0.03178654013005881
0.02912046291566215
0.02962417999051336
0.02711980079428927
0.02830374651253314
0.02858009546824196
0.02527357432819737
0.02234180317066862
0.02528071284613568
0.02074980440185122
0.02550584341653573
0.02555086568013679
0.02080123176025497
0.02267674623174786
0.02159271622695263
0.01951292960438877
0.01459275477662557
