0.0496262221146893
0.1049632078764454
0.05058333297438969
0.07892978112429183
0.07727078649381929
0.06978936661158176
0.06532284716107198
0.05672479702147427
0.06900772590510892
0.08251894822973289
0.06208462115155151
0.07838741675117947
0.1108813471352028
0.05538484118632134
0.05761810091157623
0.09513686587478941
0.06308958743581709
0.08095566602732172
0.1015973687171936
0.08915492043589913
0.0661044894464758
0.08910706422186845
0.09116485300443031
0.06286626185802434
0.1030649384915434
0.06398289132591904
0.07631367642358439
0.06726897433893569
0.08966537935054855
0.05851140559114368
0.07135264881399293
0.09201030225943256
0.09362143988640892
0.06934271545599628
0.06710945494127589
0.06074466689532956
0.06130297965561318
0.04846173643276391
0.03260559198872143
0.06554617431779571
0.08937824601369189
0.03483885171397633
0.04185766889559512
0.04482471390275766
0.05560816755357957
0.1065743462928873
0.05058333297438969
0.05587935013486849
0.05750643851741261
0.09279194138697441
0.09714679923278606
0.04712178059761098
0.07168763915434578
0.05605481949863055
0.1225421531310934
0.08022188074541407
0.1331341866625855
0.2038328091040352
0.2435688818527373
0.5967110588850565
1.940942029289852
2.072991485627282
1.901333571269812
1.532367149725655
1.014681583208754
1.105335975324871
1.12592982298491
1.178092381417357
1.357869807063349
1.201701144508968
1.142854743445946
0.8911504090227038
1.354743233974406
1.085874717756612
1.30116095606065
0.9596157760809589
1.179655670330224
1.133905758526152
1.307765035045068
1.090851695727039
1.161247227365607
1.226952924633658
1.201653289084403
1.095828676460594
1.269448672698823
1.017074363121134
1.222135467245089
1.148390039308182
1.045053912709091
1.176449350568632
1.173370643167306
1.282736564314129
1.227686717415488
1.122484224916294
1.300331466245335
1.090644316168021
1.179926863569297
1.17702361921601
1.380106688729975
1.096323178303952
1.36434625908239
1.300331466640068
1.407352461325412
1.448428487146137
1.343433380521686
1.372162670489179
1.24622276839831
1.619544043840951
1.465831959089696
1.263993127061831
1.381845446217139
1.399886999698664
1.212165557390807
1.401131237184765
1.362575602452487
1.398339666278157
1.512459235870286
1.215850430608585
1.229632829593507
1.276786528281029
0.7963963877286343
0.4948744130450369
0.226261122731973
0.1783098440296603
0.1536163695600649
0.2012805133465899
0.1638096057816057
0.1731414356768526
0.1332617974439204
0.1603799564948934
0.1760925322968439
0.2090969227797148
0.1957611702135857
0.1458159085141112
0.1235311682650585
0.18067071453625
0.156758881562593
0.1804314354397603
0.1375049928955684
0.1355907695972367
0.09684371435089617
0.1133857878628156
0.08618787503400385
0.07195881897250549
0.1235949756293897
0.09130842164652236
0.08866041148735197
0.1033361198886341
0.1001457477247478
0.0753725151352535
0.09652467673977479
0.09283979917993608
0.1005445450346991
0.07012435576773637
0.1104346951901518
0.08462459204212719
0.07932857567111389
0.090782009213176
0.06883225654134688
0.125445391958123
0.0701722123764998
0.08948990998678649
0.08765544401888815
0.09945981984106911
0.06380742077795876
0.0869695149510112
0.0547627206669738
0.07430374306558774
0.08267846565372897
0.0753725151352535
0.1090309331748659
0.08942610143825708
0.08385890288068759
0.1211383923000058
0.08971323477511374
0.1127158111294374
0.06398289211538453
0.08698546728550993
0.04672298368239245
0.08926658361952826
0.08006236174248701
0.1042294257523998
0.06050538898303809
