0.02428000052769979
0.01360129634539286
0.03282296339670817
0.01360129634539286
0.03410761992136637
0.01360129634539286
0.01360129634539286
0.04073965668678284
0.01967129667599996
0.04743592580159505
0.01079111099243164
0.02371796329816182
0.03495870391527812
0.02472963015238444
0.01011666695276896
0.01461296319961548
0.04957166711489359
0.01405092597007752
0.04271481513977051
0.01011666695276896
0.02641574104626973
0.02484203696250915
0.01180277784665426
0.01686111132303874
0.03597037076950074
0.02585370381673177
0.03788129687309265
0.0400170373916626
0.02079537034034729
0.01584944446881612
0.01629907409350077
0.04889722307523092
0.05058333476384481
0.02641574104626973
0.03597037076950074
0.02304351846377055
0.01011666695276896
0.01967129667599996
0.04159074147542318
0.06238611181577047
0.049571666320165
0.06153502782185873
0.05249426007270813
0.03709444403648376
0.02945074081420898
0.04451333324114481
0.05580224951108297
0.09116240660349528
0.05125777800877889
0.0557540742556254
0.08801499923070272
0.05418037017186483
0.1046994725863139
0.08727632482846578
0.05703873157501221
0.05294388969739278
0.07373926003774008
0.0844179626305898
0.0879025928179423
0.115940211613973
0.3149013257026672
0.6164422249794006
0.6135196344057718
0.7191665371259054
0.8331155363718669
0.725445298353831
0.7316758807500203
0.5676092370351156
0.6066146071751912
0.6325646642843882
0.6599760095278422
0.6288391602039337
0.537901566028595
0.6267515929539998
0.4529697394371033
0.6008336544036865
0.5269980438550314
0.5285717531045278
0.3886245230833689
0.4077177290121714
0.4267306367556254
0.3959631252288818
0.449501166343689
0.4749694724877676
0.460517094930013
0.3099553994337718
0.3773998463153839
0.45319455742836
0.3890420397122701
0.3513855576515198
0.3296266961097717
0.3648744479815165
0.3257406119505564
0.350470240910848
0.3426177787780762
0.4474938929080963
0.2351562968889872
0.3520600012938181
0.3538585225741068
0.3404820386568705
0.3975850045681
0.3998331518967946
0.365211668809255
0.3482381506760915
0.2433620385328929
0.2522903974850972
0.2798944433530172
0.2756229647000631
0.2206557420889537
0.2333577783902486
0.1462420372168223
0.1945772246519724
0.2085157414277395
0.1586068522930145
0.1203883349895477
0.1056629633903503
0.09138722221056621
0.133202778895696
0.05732777754465739
0.05226944406827291
0.1017287035783132
0.02540407419204712
0.07823555628458659
0.05074391523996989
0.02472963015238444
0.03653240799903869
0.0269777782758077
0
0.01967129667599996
0.03934259335199992
0.05170740842819214
0.02023333390553792
0.01967129667599996
0.03653240799903869
0.02023333390553792
0.0618240753809611
0.01517500042915344
0.0252916673819224
0.0252916673819224
0.01517500042915344
0.02135740756988526
0.02776462992032369
0.00505833347638448
0.02888870358467102
0.02596611142158508
0.00505833347638448
0.02472963015238444
0.02371796329816182
0.01180277784665426
0.03035000085830689
0.02428000052769979
0.0322609261671702
0.01416333357493083
0.02360555569330851
0.01360129634539286
0.01011666695276896
0.02360555569330851
0.0203939159711202
0.00578095277150472
0.01533558249473572
0.01517500042915344
0.004496296246846517
0.004496296246846517
0.04159074068069458
0.04159074147542318
0.02135740756988526
0.00505833347638448
0.02810185194015503
0.01011666695276896
0.02079537034034729
0.01011666695276896
0.01686111132303874
0.03428425868352254
0.03495870391527812
0.04170314828554789
0.02652814785639445
0.03720685203870137
0.03428425908088684
0.01011666695276896
0.03372222264607747
0.01809759259223938
0.009554629723230998
0.01180277784665426
