0.1100997044550662
0.08759163744402247
0.07034768174026186
0.07079433447477833
0.102107829210774
0.08642715176209709
0.1042932291694035
0.08888373706514473
0.06186129478429327
0.09993837290252282
0.1089830753819042
0.08687380449661355
0.07872240551260133
0.1183627670174403
0.08598049981704611
0.09402023482796372
0.08888373785461022
0.09178697510270883
0.08207229549521643
0.09122866234242522
0.07526085313582262
0.07738245125637938
0.08062067647643437
0.08542218468836602
0.05811260986012338
0.09819962133634959
0.09591850579179675
0.03756661959831288
0.07001269376830549
0.07179930075904392
0.08993656114237197
0.08267846604846171
0.06626400726520462
0.07854693614883929
0.05248160393822272
0.07403256048429881
0.05308777449146801
0.07999855516762133
0.06934271545599628
0.07660080857624281
0.07861074193423948
0.1279019756822397
0.1181394414396476
0.09808795854745321
0.0637595657481263
0.0729159310164041
0.09065439566871189
0.05867092419933799
0.08658667115975689
0.1044048927477653
0.0970351356544242
0.08140231955130368
0.1120458328171282
0.1086480881994134
0.08776710838671552
0.09569518021400401
0.09614183215905499
0.1135453072604754
0.1182511054127422
0.1994779516529563
0.2945669636821115
0.5507697202511971
0.8243440358054559
0.6564029032820897
0.3781865890452404
0.4279563798020218
0.5241620197201406
0.6791502525474852
0.5577087718129947
0.5044614802922635
0.49305589980637
0.5894370059303889
0.5514396914583168
0.5368118428236601
0.6177675096404474
0.5467019902159836
0.5988645549641539
0.6088344671868331
0.6865359564490666
0.6908270017990213
0.7604887576292683
0.6773157822375266
0.6624805583859121
0.59881670546058
0.8192713446175026
0.8414922810548189
0.7524011723253111
0.77738177105291
0.7608077908983294
0.7085176126056949
0.6936504836903502
0.71333507670472
0.6933473995979259
0.8316499851397331
0.7266070199328543
0.7183758549342881
0.819781809847876
0.7250915919708101
0.8835573287199665
0.8299271870922569
0.810944478243392
0.7914832112015477
0.7462916054473018
0.7977363439585199
0.752975435051697
0.6594975638073801
0.7735373768585407
0.7830606367414361
0.697925584995194
0.8093652429170166
0.929036070968931
0.7706022400729704
0.7148345487796708
0.7747178152696976
0.7780038923617231
0.8703810983146263
0.708613325428489
0.8408701569828766
0.6713976469260967
0.6252808274812256
0.6994569577918147
0.5973172270699053
0.4682667196191699
0.3368074751847627
0.2062574909222837
0.2273936994028407
0.2069434207796261
0.1896356561326033
0.1016133186832958
0.16849944962571
0.1174535115823051
0.1953942791515628
0.1550201319700835
0.1109930103188319
0.1452097399345297
0.1204684135929638
0.09317478794135794
0.08194468155601956
0.0830772625689475
0.05654932765771221
0.07932857567111389
0.09958743456973146
0.08078019666355966
0.1112003843515914
0.0586230679853073
0.07597868687269703
0.06206866960651827
0.06865678559865383
0.08178516294782524
0.03897038240306425
0.104277279598034
0.06722111812490501
0.04817460309590725
0.07457492406794566
0.06910343754370481
0.07624987024345145
0.104069904775809
0.05721930518055594
0.06470072585225894
0.04862125504095823
0.03037233226346654
0.07012435616246912
0.05895805832566015
0.08486386955968592
0.07988689277345772
0.08352391372453298
0.06789109564774873
0.08658667273868788
0.07727078886221576
0.07012435616246912
0.09462640696014001
0.08301345480988358
0.07503752676856439
0.08832542351539562
0.07012435616246912
0.07553203650657704
0.09067034484534864
0.06910343754370481
0.07503752755802988
0.07905739506348869
0.09402023640689471
0.1057927055864145
0.07179930075904392
