0.1309282251652455
0.09243704168588524
0.06771926631863485
0.07344202027224854
0.09883876774935114
0.0575993665112745
0.09935607846151262
0.06936819641382103
0.1133881431297968
0.06031524935024696
0.07150210430158065
0.05436617136001587
0.07808165582234428
0.07955275886010804
0.08073287522232772
0.06586017944668764
0.04196686952706152
0.03394854548793511
0.0948296049297256
0.1204526748433209
0.0904001293566403
0.07869596209302045
0.0539135240868434
0.04995286064659989
0.08627780451870605
0.08412772937109006
0.09980872573468509
0.06337061824414554
0.08276978835163501
0.06964301662957108
0.1107207572700193
0.1014414877699526
0.1014899863492723
0.09419913219925541
0.111674550395684
0.07937493420287267
0.077176360475937
0.09322917421392146
0.07779066834673785
0.070435150757732
0.0966886934017975
0.05658090914655852
0.06823657863092103
0.09012530754076555
0.05329921701610488
0.1006493560419787
0.1219237778810847
0.09279269180041831
0.09524992008337238
0.1121918611078454
0.09539541422120677
0.1491957762897415
0.1081826998883446
0.1592186805385871
0.09408597018094671
0.07994074269429149
0.1560986474056372
0.2290071929061173
0.3435754531981961
0.6309094833047598
2.32749616099684
2.106620448947753
1.973655337055257
1.676524701534502
1.660568888155406
1.433291452843071
1.540989185739684
1.211445796009678
1.547132250446601
1.427827359045912
1.25709849756036
1.199159649394502
1.477343736878977
1.353754854042258
1.539566577280928
1.172825276451623
1.38539167778604
1.350505507232359
1.556443855666474
1.290077091063429
1.482856342456485
1.347466299197818
1.437494612380162
1.384728879736574
1.494770658896273
1.197623881317625
1.249306499958038
1.364181916585705
1.212318756836373
1.321439075389965
1.581274784651379
1.514428481959657
1.269061323780341
1.281897110827017
1.457879910933091
1.486218851684724
1.315780992875963
1.567452877959949
1.45144584954985
1.330201034577901
1.479509985686949
1.329247255853359
1.498408014342289
1.764548429306722
1.169074771788296
1.243632255384586
1.425952104514077
1.907261649634214
1.432612491934091
1.424982151329117
1.533439659832308
1.305968245003847
1.636918069132222
1.376338733522684
1.525615338111084
1.620105458185977
1.54385055231568
1.48770611398172
1.090782962789472
1.073647025847595
0.9034031509553027
0.5402183628722326
0.1018456388639924
0.09355249300899121
0.05674256974418691
0.09225921702864986
0.09995422027255065
0.09114376330535684
0.04542638871493756
0.09503976290658016
0.06154386509184869
0.06726661984552473
0.08530784613334093
0.07774217056748051
0.03727873699777078
0.08593831926384228
0.07247206308697694
0.07530110874432046
0.1006008582627213
0.06450223762717024
0.09335850189196183
0.1097669653444482
0.08797523239314956
0.05013068610389761
0.04458575680751928
0.06144686793320931
0.05344471195400161
0.07586691723573928
0.06450223642707671
0.07559209421977101
0.04356730024286565
0.0573730424746571
0.01357941819517404
0.03904082751114096
0.05160178914166137
0.04542638791487521
0.06642598793810646
0.06982084368699348
0.06529436935514411
0.07738651885282273
0.06812341661261231
0.07564059319912188
0.05827833782106438
0.118464259493271
0.04051193134896707
0.07344202107231089
0.04995286064659989
0.107277406142062
0.05742154025391445
0.0539781891259571
0.08871886594183492
0.08792673261373635
0.08475820290162259
0.06767076773931516
0.08525934795405241
0.0597494400587658
0.06212583844293684
0.06574701662831658
0.06189951520638178
0.04967803883072514
0.06744444330266658
0.06619966390148906
0.07762900734907829
