0.07598008085417267
0.1076168905968634
0.08181599602603272
0.0562414246917571
0.07163143117955867
0.06031525015030931
0.07649738996620946
0.06393642753562671
0.05805201298438463
0.1079563766517895
0.08192915644421674
0.07400783036379206
0.06642598793810646
0.04447259478921058
0.07695003803944428
0.04492524206238305
0.0887188663418661
0.0725367273260283
0.08079753946137909
0.1233463831395911
0.09211372209075314
0.07174459319786737
0.07446047683690218
0.07423415360034712
0.07559209541986453
0.09018997017969221
0.09754548936882275
0.08702143926748493
0.06178635318807307
0.1185935855711867
0.09573489947607053
0.07932643482349062
0.06529437015520646
0.07683687522107323
0.1067115968505808
0.09607438633105898
0.09833762109679664
0.09041629421630962
0.06699179722958763
0.1307019019286905
0.1244780017225534
0.1058063007041112
0.09901659160652417
0.1551448546800037
0.1181409390980765
0.1459787471982457
0.1105590982725156
0.1288913148361565
0.08634246955781975
0.1500525738568914
0.1219884429201984
0.1527684566958639
0.1495999273837813
0.1694032461851235
0.173250746806996
0.1264502506128093
0.1282608405055616
0.1495999265837189
0.2483255299145743
0.4012718120677359
0.5538139495273564
1.545337811812458
1.641913349596446
1.721417602276642
1.259652713801237
1.355339119098331
1.188296108037833
1.283352033403896
1.351410780577052
1.241918643448977
1.267622546861636
1.351911937230385
1.182395527026797
1.319288994641912
1.124198019504547
1.276465330347919
1.335309476260371
1.269222971977003
1.256290198172499
1.078997958826539
1.167312671674178
1.158599211465592
1.102276951674647
1.21733020016011
0.9607923502890056
1.136904479273214
1.09568123729437
1.135805188409434
1.145359276125095
1.166407376727802
1.055912936293839
0.9934314525367429
0.9442545575583541
1.071399947940903
1.172695940372928
1.2435352422247
0.9601618819588783
1.033781725688269
1.23826513274404
1.196395263175836
1.181522560599666
1.0729357124175
1.094889110766801
1.037629232310609
1.119041071242134
1.010405730081085
1.025003599240476
1.058741991951962
0.9869327269144507
0.9989763838332771
0.9646398501108157
1.058838981510009
1.029125926478597
0.9519657312623606
0.9879511878794471
0.8418592782628617
0.7638422862795375
0.958917096157202
0.8466120770313595
0.823818048774796
0.6519737427666683
0.4827483276392789
0.3909094241641512
0.2944470551990023
0.30253004347718
0.1571171039702908
0.187832455907092
0.1131618190931794
0.1146329237310678
0.1439903330482893
0.1278728566713781
0.1187067491896201
0.1128708332176977
0.1484521415409626
0.09539541422120677
0.1043190328066781
0.1492604397287305
0.1314940348567579
0.08283445259068636
0.1263370909946877
0.09143474998090091
0.1334662833469826
0.1395285241555848
0.1286649879993208
0.1423575686128347
0.0650680469186514
0.06860839440518578
0.08317393784555013
0.1379442586994811
0.08215547968077179
0.1309282271654014
0.1213094724104709
0.0936979871468256
0.1198383685726447
0.1035430659383735
0.09940457544070762
0.1187067483895577
0.1403206546834651
0.109540641707862
0.109653804526233
0.0512623038867976
0.09578339725532788
0.1149724097859939
0.1180762764591499
0.1277596946530694
0.07253672572590361
0.08464504168337623
0.09460328249323288
0.08724776250404
0.1138407904029693
0.0888805269394945
0.110494435633589
0.1138407912030316
0.1261754303970593
0.09528225220289806
0.07530110794425811
0.1033167411016938
0.1145197633128838
0.06676547319297023
0.0710656234882022
0.08045805340645297
0.0476411265014802
0.1015061524090351
