0.09333829250600603
0.3161458488967683
0.1764394922388924
0.1415129055579503
0.06503571735488044
0.1324801643689474
0.1059841248724196
0.2203988134860992
0.09333829912874433
0.04094841414027744
0.204742067390018
0.096349212858412
0.1372976203759511
0.07226190302107069
0.2107638948493534
0.120436516073015
0.1385019918282827
0.0963492062356737
0.1794503993458218
0.2035377025604248
0.1372976269986894
0.1734285718864865
0.024087303214603
0.1132103237840864
0.09032738539907667
0.2517123023668925
0.2107638882266151
0.096349212858412
0.1926984190940857
0.1866765916347504
0.1613849235905541
0.0963492062356737
0.1866765982574887
0.1686111158794827
0.0963492062356737
0.09333829912874433
0.237862111793624
0.1385019852055444
0.168611122502221
0.1204365094502767
0.1445238126648797
0.1372976203759511
0.1854722268051571
0.1613849169678158
0.1445238126648797
0.1662023862202962
0.165600202149815
0.07226190302107069
0.2065486229128308
0.1595783746904797
0.1746329400274489
0.2005267888307571
0.1385019852055444
0.1342867066462835
0.2258184568749534
0.1312757995393541
0.1144146819909414
0.2468948430485196
0.2252162761158413
0.3950317568249173
0.3125327444738812
1.521715326441659
1.41753772728973
1.143544649084409
1.253744074039989
1.277831357386377
1.109822437167168
0.846668658985032
0.8496795644362768
0.9255545669131808
1.001429572701454
1.444635932644208
1.202558548914062
1.006849216090308
0.9171240230401357
1.118855153520902
0.9442222250832452
1.579524805148443
1.244109112355444
0.7719980213377211
0.942415691084332
1.006247030364142
1.090552586648199
1.389235143860181
1.206773784425524
0.8213770008749433
0.7701914724376466
0.9369960526625315
1.123672644297282
1.477153781387541
1.098380956384871
1.059841283493572
0.8460664848486582
0.7388779835568534
0.8731646786133448
1.059239115979936
1.225441475709279
0.8581101248661677
0.8358293821414312
1.003236124912898
1.061045651634534
1.36334128677845
1.251335331135326
1.137522836526235
0.7473085390196906
0.8785843402147293
1.237485128972265
1.161610129806731
1.493412711554103
1.014677582515611
0.6575833410024643
0.9960099541478686
1.142942474948035
1.229054575165113
1.498832368188434
0.8936388972732756
0.6419265982177522
1.078508923451106
1.048399824235174
1.571094266242451
0.8063224338822894
0.8719603270292282
0.5263075464301639
0.5997738258706199
0.2860367182228301
0.2577341298262278
0.3613095349735684
0.3312004109223683
0.2637559572855632
0.2499057534668181
0.1806547707981533
0.2197966244485643
0.2005267888307571
0.2185922645860248
0.1806547707981533
0.09032738539907667
0.09333829250600603
0.2770039770338271
0.1385019852055444
0.1686111092567444
0.1204365094502767
0.1734285785092248
0.07226190302107069
0.1385019918282827
0.1144146886136797
0.1565674675835503
0.1144146819909414
0.096349212858412
0.1324801643689474
0.2047420740127563
0.1625892884201474
0.096349212858412
0.07226190302107069
0.096349212858412
0.0963492062356737
0.2035377091831631
0.120436516073015
0.1071884963247511
0.06624008218447368
0.1926984124713474
0.0963492062356737
0.120436516073015
0.096349212858412
0.1806547707981533
0.024087303214603
0.1824613196982278
0.1385019852055444
0.2336468398571014
0.1174256023433473
0.048174606429206
0.1204365094502767
0.048174606429206
0.1445238060421414
0.1174256023433473
0.1896875119871563
0.1204365094502767
0.07226190964380901
0.144523819287618
0.1926984124713474
0.048174606429206
0.1445238126648797
0.2276249991522895
0.2306359195046955
