0.2348837401415851
0.2932140762741501
0.300961070769542
0.2734234268600876
0.3090986754443195
0.2439978573773358
0.3640437641659299
0.3199054002761841
0.3843552293004217
0.4121532585169818
0.2986825350168589
0.2716006072791847
0.2072809966834816
0.2970550269693942
0.2716006072791847
0.4150827961999017
0.3627417474179654
0.2309776963414372
0.3843552099691855
0.2348837401415851
0.3226396393131565
0.2278528600125699
0.3403470580642288
0.1437426000028043
0.2583200351611988
0.2437374591827393
0.3786263465881348
0.2163951139192323
0.1838447016638678
0.2252488265166412
0.2531119746130866
0.3598773092836947
0.2294152749551309
0.2486851215362549
0.399979423832249
0.3127443146061253
0.314567147074519
0.307796658696355
0.3848760321333602
0.3166503712937638
0.2729026240271491
0.2252488265166412
0.3184731973184122
0.2268112414592021
0.2906100427782213
0.2203011641631255
0.194260835647583
0.2218635791056865
0.361960539946685
0.2726422193888071
0.2585804462432861
0.2729026240271491
0.2343629437523919
0.3421698905326225
0.2869643971726701
0.3015469860386204
0.3549296469301791
0.2567576202186378
0.3505028002970927
0.3462061398738139
0.4324647236514736
0.938298038534216
0.9435712227950225
1.136855552325378
0.9914203415045867
0.9979304236334723
0.8413629499641625
0.6881156209352854
0.7320586781244021
0.7486593981046934
0.731668056668462
0.7486593787734573
0.6956022124032717
0.5991228061753351
0.6493806468473898
0.7303660479751793
0.7073203647458876
0.6197597642202635
0.970588057427793
0.6646793307484807
0.5468468488873662
0.7066693628156507
0.6718404212513486
0.6542632160960017
0.6656558465313267
0.6903941550770322
0.5090883873604439
0.6471020998181524
0.5774442440754658
0.7076458608781969
0.5530314364948788
0.5774442279661024
0.6484041375082892
0.4687258826719748
0.592742924754684
0.5276421147423822
0.6894176296285681
0.8108306672122028
0.4306419040705707
0.5797227637187855
0.451799666559374
0.7766527420765644
0.7278271269153904
0.7213170463974411
0.636685993220355
0.4426855589892413
0.4605882699425156
0.5038803235904591
0.8274313726940671
0.7496358897234943
0.5979509933574779
0.6314779165628794
0.4719809197090767
0.5575884838361997
0.8101796475616662
0.7450788423821733
0.5579139896341272
0.6295248914409328
0.5162494665867573
0.5715851848189896
0.6396155131829752
0.7961829739647943
0.5633824580424541
0.3813605824032346
0.6635075259853054
0.3442531211956127
0.3715954600153742
0.3465967500531996
0.2502475429225612
0.4788816039626663
0.3557108608452049
0.3007657785673399
0.2447790648486163
0.1994688961956952
0.3205564215376571
0.3937297318432782
0.3536276430697055
0.2958181033263335
0.3010261703181911
0.3205564215376571
0.3158691702662287
0.2124890636753392
0.26821535986823
0.2835140566568117
0.2033749528833338
0.32407186804591
0.4407976205284531
0.4463311917073018
0.2997241600139721
0.2319542024586652
0.2437374527389939
0.4001747224781964
0.2294152749551309
0.2963389126030174
0.2729026240271491
0.2801939152382515
0.147127847413759
0.3699028395317696
0.2801939087945062
0.1653560754415151
0.2592965477221721
0.3947062444042515
0.3553202571095647
0.173103069936907
0.2749858418026486
0.2421099318040384
0.2293501754064818
0.2768086742710423
0.314567147074519
0.3363759276029226
0.3535625306335655
0.1203063049831906
0.2203011577193801
0.3286289137762946
0.1601480084496575
0.3239416560611209
0.2166555121138289
0.2648301189010208
0.1691970164711411
0.1567627610387029
0.2765482631889549
0.2023333343299659
0.1796782467816327
