0.2660019429954323
0.1441332037384446
0.3222490420212617
0.3790820563161695
0.3292799285940222
0.2472528928035014
0.1992084947792259
0.2964691181440611
0.3925579335238483
0.2320193116729324
0.2800637161409533
0.1839749039830388
0.3234208596719278
0.253111981056832
0.2367065693881061
0.2296756731497275
0.2730328263463201
0.3210772243705955
0.2607287667893075
0.2408079214998194
0.2859227915067931
0.1646399610751384
0.2976409293509819
0.1939353379043373
0.2156139064479519
0.2220588841953793
0.3773243298401704
0.3046718127018697
0.2279179563393464
0.3579893869322699
0.2320193116729324
0.3263504005767204
0.3257644917513873
0.2495965377704517
0.2074111990026526
0.2331911325454712
0.2126843719869047
0.1757722062033576
0.2706891878231152
0.3204913187671352
0.2882664074768891
0.2941254892864743
0.3579893869322699
0.2882664203643799
0.126555990528416
0.2947113981118074
0.3251785829260543
0.3292799253721495
0.2320193084510597
0.419509642832988
0.2320193148948051
0.2249884218782992
0.4950917073198267
0.3128745330346597
0.4148223980053051
0.4318137152774914
0.3210772179268502
0.4142364924018447
0.5056380436227128
0.5425502013515782
0.6573880298717601
1.871388063237474
2.125085917679039
1.585465247566636
1.699131308375178
1.556169912621782
1.120254840399768
1.346415091205288
1.064593648588335
1.406763532677212
1.569059863283828
1.345243276776494
1.32825194983869
1.090373567632727
1.109122606548103
1.327666041013357
1.56730216258281
1.322978781687247
1.250326274214564
1.264388061858512
1.092131300552471
1.112638049834483
1.250912162097725
1.389772228292517
1.095060823736964
0.8788610213511699
1.230405424092267
0.8724160468256151
0.9509276232203921
1.155995204642012
1.136074336799415
1.181775115631722
0.8196843749768025
1.09681854699109
0.8302307096687523
1.034712390319721
0.8735878499778541
1.001315654935063
0.9573725961350106
1.006002911039301
0.8401911403681781
0.9485839895299963
1.091545390116202
0.8524951918705089
0.9673330284453727
0.82964481373091
1.159510622153411
1.01361969516084
0.7710540729600031
1.02123650989017
0.6831679601927061
0.8935087065438967
0.8483938349259866
0.9058127644899729
0.5946959595422487
0.9222181632712081
0.6503571513536814
0.7739835977554321
0.8067944227038203
0.7265251037236806
0.6808243442226101
0.6386390135094926
0.6216476914044973
0.4265405487369847
0.3661920895447602
0.3691216223948711
0.1839749104267842
0.4915762736990645
0.1828030895542454
0.2812355241260013
0.3040859135421547
0.3767384226257737
0.3046718127018697
0.2870945994918411
0.2601428676295925
0.3035000047168216
0.2935395836830139
0.1394459492451436
0.2923677595886024
0.1617104330578366
0.2208870729884586
0.1839749104267842
0.2947113916680619
0.2203011577193801
0.3269362997364353
0.08905791591953587
0.3726370753468694
0.2472528928035014
0.2800637096972079
0.08495656702969526
0.2601428708514651
0.2144420823535404
0.3333812742619901
0.2126843752087773
0.3433417178489067
0.2249884283220446
0.3187336051786268
0.2238166042276331
0.1810453663001189
0.2566274146775941
0.2443233615643269
0.1675695052018037
0.2624864900434339
0.2689314710127341
0.158194983327711
0.1869044416659587
0.2384642861984871
0.3146322530669135
0.1441332037384446
0.1728426620766923
0.1195250942900374
0.1470627478651098
0.308773164813583
0.3292799221502768
0.2577992419938783
0.2074111990026526
0.2876805050953015
0.2249884251001719
0.2156139000042065
0.2431515406917881
0.2619005876618463
0.227332050735886
0.2156139000042065
