0.1884831405348248
0.111403774884012
0.1854722268051571
0.2095595300197601
0.06624008218447368
0.08009027938048045
0.216785717341635
0.1716220246420966
0.1493412752946218
0.1716220296091504
0.1926984091599782
0.1083928611543443
0.2294315546751022
0.1391041692760256
0.2276249958409203
0.09695139030615489
0.1433194478352865
0.1463303615649541
0.1294692506392797
0.2402708381414413
0.06322916845480601
0.09996230403582256
0.1854722218381034
0.126458336909612
0.06322916845480601
0.1896875003973643
0.07888591455088721
0.1053819474246767
0.1812569432788425
0.1180277797910902
0.1601805537939072
0.06322916845480601
0.07587500082121955
0.07587500082121955
0.06322916845480601
0.2444861167007022
0.1011666688654158
0.1776438570684857
0.1914940542644925
0.1981180624829398
0.1011666688654158
0.1222430583503511
0.1433194478352865
0.1126081364022361
0.09273611505826314
0.1463303615649541
0.1053819474246767
0.04094841414027744
0.2348511980639564
0.06322916845480601
0.1378998077578015
0.08009027938048045
0.1041775825950834
0.05901388989554511
0.1138125012318293
0.1011666688654158
0.267369055085712
0.2980803632073932
0.189687505364418
0.1601805587609609
0.3444484190808402
0.4847569515307744
0.2697777847448985
0.4642827428049511
0.2896498044331868
0.369740088780721
0.4540456417534087
0.4263452523284488
0.2529166705078549
0.2715843336449729
0.5678581462966071
0.7972896993160248
0.7129841463433372
0.5395555645227432
0.3908164683315489
0.5720734165774451
0.7756111158265008
1.070680593450864
0.7184037797980838
0.7033492293622758
0.5805039687289132
0.9243502269188563
0.7978918734523985
1.129092279407713
0.8996607181098726
0.7689871026409997
0.8382381068335639
0.5528035892380608
0.7930744257238176
1.001429590913985
0.809935536649492
0.7467063681946861
0.8153551717599233
0.4992093394200007
0.708768852882915
1.043582361605432
1.26398116019037
0.8334206524822447
0.5895367248190774
0.4275496155023575
0.6497549795442157
0.8141508102416992
0.9418135169479582
0.9646964404318068
0.7834395037757026
0.7382757912079493
1.183890887432628
1.013473211063279
1.275422611170345
1.126683516634835
0.9111021906137466
0.8159573641088274
0.9255545801586575
1.132103181547589
1.120661720633507
1.190514882405599
0.7689871142307917
0.8846061776081721
0.9400069763263067
1.194128005041017
1.303725231024954
1.042980174223582
0.7635674675305685
0.526909727189276
0.5046289778418012
0.5648472325669395
0.3528789778550466
0.5269097172551684
0.3811815546618568
0.3372222317589654
0.1926984190940857
0.3739553673399819
0.1053819474246767
0.1884831405348248
0.1433194478352865
0.126458336909612
0.1053819474246767
0.08731647166940901
0.06624008218447368
0.2276250057750278
0.2065486162900925
0.1210386935207579
0.06322916845480601
0.1053819474246767
0.04516369269953834
0.05479861133628421
0.05058333277702332
0.08430555793974134
0.07587500082121955
0.2517123089896308
0.1324801643689474
0.08009027938048045
0.1433194478352865
0.1391041692760256
0.1463303615649541
0.03793750041060977
0.2023333377308316
0.03793750041060977
0.06322916845480601
0.05901388989554511
0.03793750041060977
0.0963492062356737
0.08430555793974134
0.05901388989554511
0.1692132999499639
0
0.08430555793974134
0.07888591455088721
0.06202480362521277
0
0
0.04215277896987067
0.06503571735488044
0.05479861133628421
0.05901388989554511
0.06744444370269775
0.1180277797910902
0.08310119311014812
0.08430555793974134
0.06322916845480601
0
0.02107638948493534
0.06322916845480601
