0.1124074061711629
0.1124074094825321
0.1364947126971351
0.103040122323566
0.1645965609285567
0.1311419738663567
0.1311419738663567
0.09501102566719055
0.1592438254091475
0.1405092577139536
0.1605820126003689
0.1124074061711629
0.1124074094825321
0.1833311319351196
0.121774693330129
0.1739638447761536
0.08430555462837219
0.2167857156859504
0.1645965642399258
0.1605820159117381
0.08430555793974134
0.08430555462837219
0.1124074094825321
0.1793165802955627
0.2248148123423258
0.02810185154279073
0.1124074094825321
0.1324801610575782
0.1231128772099813
0.1645965642399258
0.08029100630018446
0.1311419771777259
0.06557098693317837
0.2167857156859504
0.1926984124713474
0.1605820126003689
0.08430555793974134
0.2208002706368764
0.2208002640141381
0.2154475251833598
0.2221384512053596
0.3345458639992608
0.07493827078077528
0.1124074094825321
0.1271274288495382
0.08430555462837219
0.1833311286237505
0.1364947126971351
0.1217746900187598
0.2074184351497226
0.1686111125681135
0.08029100630018446
0.1124074094825321
0.1592438287205166
0.1124074094825321
0.2529166671964858
0.1779783964157104
0.1779783931043413
0.08029100630018446
0.1498765415615506
0.2167857156859504
0.614226198858685
0.6342989537451003
0.8698192437489828
0.7560736305183835
0.7453681925932566
0.6222553021377988
0.4242041574584113
0.4027932286262512
0.650357166926066
0.872495604885949
0.9394047723876106
0.7440299921565585
0.6021825538741218
0.346589508983824
0.6342989537451003
0.7721318503220876
1.223099695311652
0.7654409342341952
0.7266336182753245
0.604858915011088
0.5419642958376143
0.7467063731617398
1.030401229858398
0.8698192371262444
0.6878262824482388
0.4469532701704237
0.6490189764234755
0.8069246179527707
1.299376106924481
0.8497464954853058
0.5754188762770759
0.5245679087109036
0.5152006248633066
0.8377028306325277
0.999623030424118
0.7814991209242079
0.6061970823340945
0.721280876133177
0.5459788507885404
0.9260229534573026
1.071884946690665
1.014343049791124
0.7868518829345703
0.6851499213112725
0.7440299855338203
0.7641027536657121
1.32747796509001
1.05047399799029
0.8805246882968478
0.4937897026538849
0.715928143925137
0.7587500049008263
0.7788227531645033
1.199012365606096
0.3693386316299438
0.5647134118609958
0.5754188828998141
0.666415360238817
0.7975573341051737
1.102663139502208
0.9286993212170072
0.4563205606407589
0.4616732994715373
0.3519422478146023
0.2984149091773563
0.4804078638553619
0.2944003575377994
0.1886838674545288
0.3465895189179314
0.2074184318383535
0.1686111125681135
0.2274911900361379
0.1645965609285567
0.1739638447761536
0.2609457770983378
0.1833311319351196
0.1512147320641412
0.1552292803923289
0.1083928578429752
0.1271274288495382
0.1926984124713474
0.2114329867892795
0.1926984157827165
0.3064440124564701
0.1284656127293905
0.1645965642399258
0.2020656996303135
0.2448875738514794
0.1605820126003689
0.1592438287205166
0.1873456769519382
0.1231128772099813
0.2154475318060981
0.1592438254091475
0.1806547674867842
0.1605820126003689
0.1512147320641412
0.1645965642399258
0.2355202833811442
0.243549386660258
0.1645965609285567
0.1926984124713474
0.151214728752772
0.2355202833811442
0.08029100630018446
0.08430555793974134
0.2020656996303135
0.1405092610253228
0.1793165836069319
0.224814815653695
0.2448875738514794
0.2636221415466732
0.09367283847596911
0.1779783964157104
0.2167857156859504
0.1686111092567444
0.1926984124713474
0.1083928578429752
0.1873456769519382
0.1311419771777259
0.2074184351497226
0.1846693158149719
