0.0963492062356737
0.1431856320963966
0.09099647733900282
0.06155643860499064
0.07627645797199673
0.1445238126648797
0.024087303214603
0.06690917412439983
0.1926984190940857
0.096349212858412
0.08798556360933515
0.1361601700385412
0.048174606429206
0.1097310450341966
0.144523819287618
0.06690917412439983
0.07226190964380901
0.096349212858412
0.06690917412439983
0.0765440927611457
0.048174606429206
0.048174606429206
0.1485383676158057
0.096349212858412
0.048174606429206
0.1214401506715351
0.06925099591414134
0.1097310450341966
0.048174606429206
0.06925099591414134
0.1682765699095196
0.01873456769519382
0.048174606429206
0.06690917412439983
0.09527866045633952
0.04282187090979682
0.06690917412439983
0.09099647733900282
0.06155643860499064
0.08564374181959364
0.024087303214603
0.07226190964380901
0.048174606429206
0.1059841314951579
0.06690917412439983
0.048174606429206
0.09333829912874433
0.0772800925705168
0.048174606429206
0.04282187090979682
0.06690917412439983
0.04282187090979682
0.1579056514634026
0.024087303214603
0.06690917412439983
0.024087303214603
0.048174606429206
0.096349212858412
0.048174606429206
0.024087303214603
0.1565674642721812
0.1472001804245843
0.2087566190295749
0.2344497442245483
0.1619201997915904
0.3064440058337318
0.2662985093063778
0.1472001804245843
0.2288293739159902
0.1472001804245843
0.171287477016449
0.3385604189501868
0.4737169477674696
0.2756657931539748
0.1472001804245843
0.3051058318879869
0.3974404964182112
0.3840586443742116
0.5152006182405684
0.3238403929604424
0.1686111158794827
0.3944295694430669
0.3168149309025871
0.3720150060123867
0.4804078572326236
0.3479276895523071
0.2770039803451962
0.1913602385256025
0.3853968381881714
0.5044951538244883
0.7145899534225464
0.5730101565519968
0.2141093545489841
0.3492658899890052
0.4991424183050792
0.4416005412737529
0.6061971088250478
0.570066147380405
0.2703130576345656
0.3856644729773204
0.2850330770015717
0.4014550315009223
0.5700661540031433
0.5590261303716235
0.4951278765996297
0.468297294444508
0.3559567994541592
0.6613302528858185
0.5968298249774509
0.3104585607846578
0.2957385414176517
0.3412367833985223
0.5165388120545281
0.4763933089044359
0.4710405733850267
0.3947641220357683
0.2515784899393718
0.271651244825787
0.4779991176393297
0.3720149993896484
0.5540079673131307
0.6620662659406662
0.3917532083061006
0.5288500918282403
0.3251785867744022
0.3077822062704298
0.2218039118581348
0.2753312471840117
0.2679043312867482
0.1766402191585965
0.2451552086406284
0.1391710837682088
0.2167857223086887
0.3104585607846578
0.1097310450341966
0.2271566407548057
0.2325093762742149
0.178982040948338
0.1819929546780056
0.145795088675287
0.1150837805536058
0.07226190964380901
0.2084220796823502
0.08564374181959364
0.06155643860499064
0.048174606429206
0.1431856254736582
0.08798556360933515
0.09735284745693207
0.07092372245258755
0.07627645797199673
0.1565674642721812
0.02107638948493534
0.08029100630018446
0.09902557399537829
0.08564374181959364
0.1043783095147875
0.05854552487532298
0.1404423531558779
0.05218915475739373
0.048174606429206
0.09527866045633952
0.1642620215813319
0.048174606429206
0.024087303214603
0.08263282808992597
0.03746913539038764
0.048174606429206
0.03372222185134888
0.154894737733735
0.1097310450341966
0.237862111793624
0.1150837805536058
0.04282187090979682
0.1190983222590552
0.048174606429206
0.08029100630018446
0.048174606429206
0.09099647071626452
0.024087303214603
0.048174606429206
0.1579056514634026
0.048174606429206
