0.008169214252704456
0.008303939008418425
0.01048402906751927
0.01003086428951334
0.01502792500419381
0.008590535019282941
0.01007250645830307
0.008676268896202982
0.01003086433550458
0.006111601068649763
0.008083480375784415
0.007397609314432851
0.008793846922524181
0.005829903998492677
0.00960219481293066
0.006344307306004159
0.005658436244652595
0.0057686655609696
0.008744855997739014
0.01714677644180663
0.006344307351995398
0.0128845778512366
0.0099451304125933
0.007716049428707288
0.009259259351241736
0.01088820305871375
0.0092837547906387
0.009540956375407583
0.009558103150791593
0.01039829519059923
0.009207818979098474
0.004972565183301031
0.004678620508423558
0.004286694121949467
0.002914951999246338
0.01391338437427709
0.006361454127379406
0.005474720886092127
0.009247011700530111
0.01157407416605655
0.01047668044949755
0.008676268896202982
0.01014109355983911
0.007397609314432851
0.006626004422152484
0.007140407683672728
0.006344307306004159
0.004801097429460949
0.01594405267157673
0.005144032937141113
0.007953654836725306
0.008573388243898934
0.003110915192483384
0.007243288335976777
0.007818930081011337
0.007373113875035886
0.008855085360047258
0.01598814433371579
0.01450617289469566
0.03391142493044889
0.04771702961973202
0.1575715282908928
0.2302714111628356
0.2273932014718468
0.1712203613125984
0.1597834618095263
0.1556878313422203
0.1461468756566813
0.1508965326680077
0.1747550472709132
0.1803008043839608
0.1820938676871635
0.1412771911716756
0.1508352939545372
0.1664217141123465
0.1764378812118077
0.1828777207820504
0.1639035873942905
0.1768175598095965
0.161172351397482
0.1524960821793403
0.155455125702752
0.1896947885369077
0.1720630039955363
0.15417891556834
0.1574784455659949
0.1542009613764139
0.1574098583264851
0.1589040773702257
0.1579095646279094
0.154051539476639
0.1328703716489268
0.1410420352570069
0.1450837757668377
0.1694223997125655
0.1605942592392733
0.1628943771859746
0.1379311199265498
0.137519597409316
0.1365324330550653
0.163359789200771
0.1489540477409775
0.1437512259056539
0.1306461900656606
0.1398785042082086
0.1554208322439665
0.1843890867851398
0.1516240459901315
0.1460488937611197
0.1403610635042926
0.1473373517761996
0.1357608280708024
0.1621619649691346
0.179036842406164
0.1435209695295787
0.1304918687652659
0.1171418780713906
0.1387639637162656
0.1271164031400357
0.1552812085015538
0.1303032540520768
0.09847883673177825
0.07731971443619257
0.04199245576689273
0.02882863043083085
0.03504801118447457
0.0211591222036032
0.02642318252244114
0.0191504998523512
0.01618655697431094
0.01407750346410422
0.01076817563102569
0.009242112529866489
0.008957965966360068
0.009376837331571696
0.002777777796174273
0.004303840897333475
0.007916911792607955
0.00441407021365048
0.008076131711771458
0.008735057932359201
0.00383842846861592
0.003858024691358024
0.005700078459433567
0.003221144508800389
0.003625318499994866
0.002160493836358742
0.002914951999246338
0.003515089183677862
0.005339996130378158
0.006136096508046727
0.003617969835981911
0.00308641975308642
0.003772290814437984
0.003882520130754989
0.001457475999623169
0.004372427998869507
0.002829218122326298
0.002057613184054693
0.003025181315563343
0.004372427998869507
0.0008818342545886098
0.002143347060974733
0.004286694121949467
0.005450225446695163
0.003110915192483384
0.005315500690981194
0.005144032937141113
0.004458161875789548
0.002914951999246338
0.004286694121949467
0.003600823060597903
0.004482657315186512
0.006087105629252799
0.006643151151545254
0.003360768205221788
0.003772290814437984
0.006711738253081286
0.005425730007298199
0.006378600856772176
0.002743484245406257
0.004458161875789548
0.007260435111360785
