0.06257731958762887
0.1251546391752577
0.1460137463261172
0
0.02085910715085944
0
0.2294501730646055
0.1042955338893478
0.06257731958762887
0.06257731958762887
0.06257731958762887
0
0.06257731958762887
0.06257731958762887
0.1042955338893478
0.06257731958762887
0.1251546410402072
0.208591065913746
0.1877319587628866
0.06257731958762887
0.02085910715085944
0.02085910715085944
0
0.06257731958762887
0.06257731958762887
0.02085910715085944
0.1877319587628866
0.1042955338893478
0.02085910715085944
0.06257731958762887
0.08343642673848831
0
0
0
0.08343642673848831
0.04171821430171888
0
0.06257731958762887
0.1668728534769766
0.06257731958762887
0.04171821430171888
0.08343642673848831
0.06257731958762887
0.02085910715085944
0
0
0.02085910715085944
0.06257731958762887
0.08343642673848831
0.02085910715085944
0
0.02085910715085944
0.04171821430171888
0.1668728534769766
0.02085910715085944
0
0.02085910715085944
0.02085910715085944
0
0.1668728553419261
0.3754639212556721
0.7509278425113443
1.314123716935055
1.02209622614777
1.001237117131961
0.9178006941233714
0.8343642673848831
0.6257732033360864
0.3754639231206216
0.5214776694467388
0.7926460549481137
0.7717869459323047
0.9386598012742308
0.7300687316305858
0.7092096282096254
0.3754639212556721
0.6049140943202777
0.7926460568130631
0.8135051602340236
0.6049140961852271
0.7509278425113443
0.584054990899317
0.8552233745357426
0.7092096319395242
0.7926460530831642
0.5631958818835082
0.9803780193058487
0.5214776694467388
0.9386598012742308
0.5423367747326487
0.9595189102900397
0.8969415907024109
0.8969415907024109
0.667491415772856
0.7509278425113443
1.314123718800004
0.771786951527153
0.8760824835515514
1.022096228012719
0.7300687353604848
0.813505165828872
0.9178006941233714
1.00123711899691
0.6466323086219965
0.8552233726707932
1.293264613514094
0.8343642692498324
1.314123718800004
1.501855677562891
1.251546399212375
1.418419250824402
1.022096228012719
1.209828183045707
1.54357388999966
1.48099657414193
2.002474241723719
1.209828186775606
1.334982829680762
1.647869422024059
1.314123718800004
1.230687293926465
1.147250867187977
0.8343642673848831
0.6883505210587659
0.5631958818835082
0.3754639212556721
0.3754639193907227
0.1877319606278361
0.5423367710027499
0.3963230265415821
0.2085910677786955
0.438041240843301
0.271168385501375
0.208591065913746
0.3754639175257732
0.2920274945171838
0.3337457050890038
0.438041237113402
0.1877319606278361
0.2503092802154649
0.1668728534769766
0.208591065913746
0.1251546391752577
0.2503092783505155
0.3337457050890038
0
0.02085910715085944
0.1460137463261172
0.02085910715085944
0.02085910715085944
0.06257731958762887
0
0.1460137463261172
0
0
0.06257731958762887
0
0
0
0.06257731958762887
0
0
0.04171821430171888
0
0
0
0.1251546391752577
0.08343642673848831
0.1042955338893478
0
0
0
0.06257731958762887
0.02085910715085944
0
0.06257731958762887
0
0.1251546391752577
0.06257731958762887
0
0
0.2503092783505155
0
0.06257731958762887
0.1251546391752577
0.1460137463261172
0
0.02085910715085944
0
0.2294501730646055
0.1042955338893478
0.06257731958762887
0.06257731958762887
0.06257731958762887
0
0.06257731958762887
0.06257731958762887
0.1042955338893478
0.06257731958762887
0.1251546410402072
0.208591065913746
0.1877319587628866
0.06257731958762887
0.02085910715085944
0.02085910715085944
0
0.06257731958762887
0.06257731958762887
0.02085910715085944
0.1877319587628866
0.1042955338893478
0.02085910715085944
0.06257731958762887
0.08343642673848831
0
0
0
0.08343642673848831
0.04171821430171888
0
0.06257731958762887
0.1668728534769766
0.06257731958762887
0.04171821430171888
0.08343642673848831
0.06257731958762887
0.02085910715085944
0
0
0.02085910715085944
0.06257731958762887
0.08343642673848831
0.02085910715085944
0
0.02085910715085944
0.04171821430171888
0.1668728534769766
0.02085910715085944
0
0.02085910715085944
0.02085910715085944
0
0.1668728553419261
0.3754639212556721
0.7509278425113443
1.314123716935055
1.02209622614777
1.001237117131961
0.9178006941233714
0.8343642673848831
0.6257732033360864
0.3754639231206216
0.5214776694467388
0.7926460549481137
0.7717869459323047
0.9386598012742308
0.7300687316305858
0.7092096282096254
0.3754639212556721
0.6049140943202777
0.7926460568130631
0.8135051602340236
0.6049140961852271
0.7509278425113443
0.584054990899317
0.8552233745357426
0.7092096319395242
0.7926460530831642
0.5631958818835082
0.9803780193058487
0.5214776694467388
0.9386598012742308
0.5423367747326487
0.9595189102900397
0.8969415907024109
0.8969415907024109
0.667491415772856
0.7509278425113443
1.314123718800004
0.771786951527153
0.8760824835515514
1.022096228012719
0.7300687353604848
0.813505165828872
0.9178006941233714
1.00123711899691
0.6466323086219965
0.8552233726707932
1.293264613514094
0.8343642692498324
1.314123718800004
1.501855677562891
1.251546399212375
1.418419250824402
1.022096228012719
1.209828183045707
1.54357388999966
1.48099657414193
2.002474241723719
1.209828186775606
1.334982829680762
1.647869422024059
1.314123718800004
1.230687293926465
1.147250867187977
0.8343642673848831
0.6883505210587659
0.5631958818835082
0.3754639212556721
0.3754639193907227
0.1877319606278361
0.5423367710027499
0.3963230265415821
0.2085910677786955
0.438041240843301
0.271168385501375
0.208591065913746
0.3754639175257732
0.2920274945171838
0.3337457050890038
0.438041237113402
0.1877319606278361
0.2503092802154649
0.1668728534769766
0.208591065913746
0.1251546391752577
0.2503092783505155
0.3337457050890038
0
0.02085910715085944
0.1460137463261172
0.02085910715085944
0.02085910715085944
0.06257731958762887
0
0.1460137463261172
0
0
0.06257731958762887
0
0
0
0.06257731958762887
0
0
0.04171821430171888
0
0
0
0.1251546391752577
0.08343642673848831
0.1042955338893478
0
0
0
0.06257731958762887
0.02085910715085944
0
0.06257731958762887
0
0.1251546391752577
0.06257731958762887
0
0
0.2503092783505155
0
