0.008860759531395345
0.00638185663125183
0.007225738484648209
0.002848101284685014
0.006751054968637756
0.0049050633288637
0.008544303854055043
0.007489451596254035
0.006592827082812031
0.0104957807196092
0.009599156300478343
0.005537974730699878
0.006276371452627303
0.00585443040804018
0.003481012686521192
0.005801687842305702
0.007067510645978058
0.00411392408835737
0.0049050633288637
0.006962025373042384
0.004535865038633347
0.003955696249687219
0.006803797534372233
0.005168776440469524
0.006118143519646005
0.008333333402494841
0.008016877725154539
0.005643459956479978
0.005221519053359575
0.005168776440469524
0.008280590836760363
0.005801687842305702
0.008544303854055043
0.007225738484648209
0.005801687842305702
0.005537974730699878
0.005221519100515148
0.0049050633288637
0.00817510556382469
0.01060126603970045
0.005590717390745501
0.00543248955207535
0.006170886132536055
0.01081223649126065
0.005168776487625098
0.01133966257300558
0.009651898913368394
0.01207805929493301
0.007964135112264488
0.01260548542383351
0.0161919833361348
0.009018987464376642
0.01170886095754708
0.006592827082812031
0.009599156206167197
0.01123417739438105
0.0106540086525905
0.02484177255743666
0.02315400894495505
0.05031645675248737
0.07658227976364425
0.2256329135992859
0.2374472604427911
0.2314873435829259
0.2075949384347547
0.2249472591601595
0.1850738417404362
0.1667194117473651
0.1724156135622459
0.1719936730363701
0.2017405090169816
0.1901898760395714
0.1804852338059794
0.1689873436772371
0.1264767947170553
0.1767405085737192
0.1831751072519942
0.2008438848336286
0.1630274289393727
0.1316983139118816
0.1511603393415107
0.154641352122343
0.1683016902755333
0.1800632934215703
0.1377109723943698
0.1319092845520641
0.125632913193748
0.1571202548810198
0.1905063308681114
0.1904535889625549
0.1617088627211655
0.1408755291206173
0.116772153615197
0.1379746846571753
0.1665611833899836
0.2065928286955326
0.1543248968222473
0.1325949388968794
0.1655590734621392
0.15284810276537
0.1753692001670222
0.1588607620023474
0.154641352452432
0.1487869217143029
0.1335443055516557
0.1372362884539592
0.1407700445078596
0.1590189896523952
0.1373417746228508
0.1334388202315644
0.1117088623061965
0.1230485248792021
0.1235759512438804
0.1379219427044633
0.1422468372915364
0.09852320818772799
0.09208860880211939
0.1343354442734507
0.1221519007430046
0.1206751075820832
0.09905063497680652
0.07547468442139746
0.06012658312728134
0.04377637195247638
0.03043248994818216
0.02399789065688471
0.01946202557109579
0.01250000024520898
0.01286919853543933
0.01292194110117381
0.008438818675430514
0.005485232117809827
0.007014768033088008
0.0104957807196092
0.01107594950855533
0.006487341904187504
0.00817510556382469
0.004430379765697673
0.005379746892029726
0.005327004279139676
0.005959915680975853
0.00775316470785986
0.003797468411017068
0.004377637199963196
0.004694092877303498
0.004377637199963196
0.00311181439629084
0.0006329114018361779
0.005168776440469524
0.003481012686521192
0.005907173068085803
0.005959915680975853
0.004166666748402994
0.005168776440469524
0.005959915680975853
0.006962025420197957
0.008122362998090212
0.005327004279139676
0.00232067515578451
0.003744725798127018
0.00411392408835737
0.003164557056336463
0.003797468458172641
0.007383966417629508
0.008755274352770818
0.006856540194417857
0.00232067515578451
0.004799578150239171
0.009599156206167197
0.004957805988909323
0.002531645607344712
0.00543248955207535
0.006012658293865904
0.008808016965660867
0.006434599291297454
0.003744725798127018
0.006223628839737252
0.003744725798127018
0.003955696249687219
0.0049050633288637
0.001845991592618484
0.004852320810284795
0.005274261713405198
