0.03805827929149481
0.03893371420259326
0.03573006840891723
0.02992410391865889
0.036453030356981
0.03149851541939704
0.03238080278738464
0.03386612955062183
0.04293056131257102
0.03674769727976868
0.04253139078701882
0.03291531498537294
0.03261893483178206
0.03406143213912399
0.03902451242525581
0.03335388888675152
0.03132719738385077
0.03448116079841874
0.03165955479080613
0.03789038763276883
0.03992050517334538
0.03574548723178771
0.03385756373575029
0.03227458578424467
0.03503280479572236
0.03187370194310314
0.04379400390479846
0.0369669840396892
0.03965324926512
0.03919411773871562
0.04240461531099181
0.04347021307578976
0.03728392232702264
0.03638107682529249
0.03704921691380388
0.04043103307273615
0.03711774402627904
0.03006629766644658
0.03597676648015148
0.04523136147733772
0.04187695624818164
0.04035565290986898
0.03931746628681253
0.03367596635777784
0.04060920326842014
0.035443967936897
0.04679378078638405
0.04446214365416536
0.03500539378116006
0.04546435361736021
0.04018776120874994
0.04756299835519804
0.04749789774672235
0.05847252487797147
0.0532456142549664
0.04305905001940123
0.05052679895845959
0.05538366241102368
0.0676654452195717
0.0924174605867432
0.1466498663635715
0.8450223036205785
0.9742457131996941
0.83163209473595
0.7196569733989358
0.6615938977954398
0.6510544186550726
0.6065528715826878
0.6384265737801493
0.6560706089689247
0.6958215098462437
0.7135255054423684
0.6384351402309169
0.6380428211448202
0.6365711998464711
0.6902091351376149
0.6853334247896377
0.7431275320171801
0.6507083559104084
0.6424662497949125
0.6554761354309396
0.6706754627980684
0.6610696645583402
0.683956029235384
0.659250270294431
0.6448612771875319
0.6204536119701174
0.6576107572101767
0.6725719504132549
0.6779564744547794
0.6366568594789437
0.6141491091861834
0.600967908312552
0.6385362173720749
0.6291599866760574
0.6928063131243541
0.6127443021086507
0.6151787306302642
0.6597796416130038
0.6452518807959929
0.6314556452831198
0.6491065330559634
0.6732280998362247
0.6275941401847226
0.6511297999201594
0.6238457058605394
0.6407033899006769
0.6738157221891123
0.6501789854396967
0.623994751853251
0.6096965566298701
0.5938273754771031
0.6243391004344647
0.635145835313485
0.6504359610728485
0.5881875887364785
0.5508180074128792
0.6079953687204576
0.5796096992187446
0.5667214527577797
0.5526768081049153
0.4183481234320536
0.318385820046258
0.2340631321772064
0.1648541107286261
0.138728125293767
0.1177999260669752
0.108224966278456
0.09005498623271416
0.07490020163707001
0.06742388696792624
0.07301399132944272
0.06807146900748122
0.05547103421447287
0.05274879224439434
0.06104743336545963
0.05038117857949324
0.05078034927461768
0.0372547982088363
0.04165081677701361
0.03987253640657808
0.04052354422945047
0.0312963602892196
0.03849171375482215
0.0404824280467515
0.0355587505429432
0.02971166970041365
0.02781346686195004
0.03226773341214165
0.02774151349983378
0.04758184334292351
0.03452399038149317
0.02818180058962251
0.03720511621126579
0.02851415714871663
0.02849702530700825
0.03020335210336221
0.03281766388189063
0.03174521357541742
0.0280276143109985
0.02397423181391373
0.03061108874053738
0.02328724690724911
0.02952493301156913
0.04062976161412799
0.03051857690553407
0.02693631901679982
0.02624762079454588
0.02536190709213105
0.02370183634045792
0.03202617499092395
0.03238936872943536
0.03060423611407599
0.03804114761935867
0.03589967351041173
0.03295985762967833
0.03518699056562963
0.03154305844523998
0.02944441370740215
0.02702540434780365
0.0355981537915904
0.02666221022775468
0.03229857050677282
