0.03073417687717872
0.0256118140643156
0.01920886130272588
0.06018776380563084
0.0256118140643156
0.04097890250290497
0.04097890250290497
0.03457594974131524
0
0.04610126531576809
0.09604430349567268
0.01536708843858936
0.06915189948263048
0.04610126531576809
0.05378481104404111
0.04097890250290497
0
0.01920886130272588
0.04097890250290497
0.07299367234676699
0.04097890250290497
0.0499430381799046
0.04610126531576809
0.01536708843858936
0.01536708843858936
0.03073417687717872
0.01920886130272588
0.01920886130272588
0
0.06146835375435745
0
0.01536708843858936
0.0256118140643156
0
0.0512236281286312
0.03841772260545175
0
0.01536708843858936
0.06915189948263048
0.01536708843858936
0.03073417687717872
0.05378481104404111
0.01536708843858936
0.05378481104404111
0
0.01536708843858936
0
0.06402953666976735
0.04610126531576809
0
0
0.0499430381799046
0.04097890250290497
0.04097890250290497
0.01536708843858936
0.01536708843858936
0.07939662510835671
0.01536708843858936
0.0499430381799046
0.05378481104404111
0.1447067517268507
0.7222531777393969
1.247295378129694
1.325411411780345
1.053926175153708
1.320289045949526
1.092343890214268
1.338217311267611
1.549514787106574
1.110272164586224
1.010386091244372
1.101308031927181
1.393282722823227
1.411210986632335
1.175582294222675
1.01038608369948
0.9040970530691026
0.9591624540618703
1.317727858507181
1.621227881576442
1.238331240943715
0.9540400912490072
0.6262088621718974
0.9322700500488281
0.8900105575971966
1.270346007769621
1.158934614326381
0.9066582329665558
0.7811603395244743
0.8823270058330102
1.038559079170227
1.252417733397665
1.000141355055797
0.7004831305033044
0.7337784887869147
0.901535867135736
0.9501983214028275
0.9066582390024692
0.9386730028104179
0.6492594933208031
0.5749852355522446
0.4789409305475935
0.8362257435351987
1.065451483183269
1.012947272650803
0.7811603531052794
0.5365675114378144
0.587791145602359
0.7517067556139789
0.8592763716661478
0.9834936827043944
0.6671877707107158
0.5173586501350885
0.5762658270099495
0.6159641335282144
0.9962995897365522
0.9412341902527628
0.5788270099253594
0.4289978893497322
0.4443649808062783
0.5212004229992251
0.6134029506128046
0.3175864974154702
0.1882468341272089
0.2241033768352074
0.2369092823583868
0.1780021085014826
0.121656120577945
0.03457594974131524
0.1882468341272089
0.05634599094149433
0.07683544219294682
0.1165337547471252
0.08579957786994645
0.03073417687717872
0.09476371354694609
0.05634599094149433
0.06146835375435745
0.07939662510835671
0.04097890250290497
0.03073417687717872
0.01920886130272588
0.04610126531576809
0.05378481104404111
0.1024472562572624
0.03073417687717872
0.07299367234676699
0.04097890250290497
0.03073417687717872
0
0.03457594974131524
0.05378481104404111
0.04482067536704148
0.06915189948263048
0.03073417687717872
0
0.03073417687717872
0.05378481104404111
0.03841772260545175
0
0
0.05378481104404111
0
0
0.03073417687717872
0.03073417687717872
0.01536708843858936
0.01920886130272588
0.0256118140643156
0.06531012661849396
0.07939662510835671
0.01920886130272588
0.01536708843858936
0.1126919818829887
0.04610126531576809
0.06915189948263048
0
0.07171307938008369
0.04097890250290497
0.08451898792121984
0
0.08195780500580993
0.1203755276112617
