0.1324879286879281
0.1467066566680985
0.1719982687844879
0.1576063381788324
0.1748742381465874
0.1684858803964379
0.1453774280372671
0.1251650824395311
0.1428196666432065
0.1253221735707095
0.1306954833576113
0.1383647348569787
0.1386587757330675
0.1418529546579788
0.1081670569536279
0.1194252277098372
0.1443905746657713
0.1375833086943547
0.1306350640827995
0.1274006052758782
0.1258458094453333
0.1227926095592537
0.1282343951156706
0.1343166264004532
0.1404431659641074
0.1477217051297127
0.1238318255115114
0.1136853733788366
0.1398268869289985
0.1372691270300377
0.1388923983310776
0.1619202930193681
0.1902369089349855
0.1374664977442062
0.1613966568457243
0.1459977338744645
0.156599346710288
0.1436252612932071
0.1221078548543031
0.1055972141565686
0.1014524339433498
0.134111199988968
0.1421107450456524
0.1245729713934321
0.1423161713574642
0.1125696261590939
0.1741773992477851
0.139085741744791
0.1299341979832155
0.1359519818953447
0.1300630928281956
0.113109374026391
0.1231067908248774
0.1453452031548605
0.1223817575336699
0.1321052716527894
0.1200737311289861
0.1533487765087332
0.1458164758506826
0.1567040745629913
0.1719861853880228
0.3972583618451122
0.5409802950943593
0.4273271450031561
0.4642354192143698
0.4632123143577257
0.4858494938217278
0.4938933468582638
0.6117919760204876
0.5891829903508509
0.6911993410475676
0.7341616492606325
0.7785538851616773
0.7799032544810637
0.7614108537351806
0.9029053192473574
0.9503507574266414
0.9918509119729134
0.9369174799193507
1.007000101649243
0.9798797929167349
1.091522985477511
1.116158039773188
1.064165023557319
1.015619949752272
1.130529825803029
1.133768315897339
1.088485892600439
1.243260573682976
1.205168076681852
1.139504140535725
1.233613588538856
1.161972146767836
1.25197306853473
1.244110475415769
1.241137834496323
1.223571865255617
1.305589355054906
1.283705401480397
1.318615804248829
1.413635571266098
1.326502564559414
1.345788474066999
1.30127942342822
1.301726532022291
1.436860836269863
1.415548857936891
1.429332562712921
1.420189076044089
1.351020804416376
1.38164544803243
1.456904005545836
1.506327178665627
1.351202062938524
1.463836142650017
1.411593389750324
1.451115815336489
1.432426041384604
1.389077047739539
1.437626150938181
1.394522862789224
1.581843523875527
1.539199424926254
1.288357701289614
1.206332160078961
0.9644083594996794
0.9939978176534774
0.9182478456592879
0.8560962982002309
0.852406677793101
0.7773616076711827
0.7064774209839045
0.7823844801223397
0.7395671795443149
0.6295794804758053
0.5946207446198798
0.5980243770573849
0.5108390062748389
0.4601188322971497
0.4916779602251722
0.5189191113945633
0.4350527864834138
0.3861613072280501
0.3843366388094465
0.3351994544566674
0.3299510109185375
0.3303578367400727
0.3432996990688669
0.3197481688049725
0.2353179273398026
0.2436397093594274
0.2864489560342552
0.214795429969711
0.2235320933088411
0.2104814762255819
0.2046046700565313
0.2273062989863265
0.1893306144304499
0.2106909303362154
0.1927704992501632
0.1863257514194501
0.16890076101823
0.153376971399505
0.1578480163744859
0.1700567879206361
0.1737786300206264
0.1417562830009588
0.168018636595844
0.1321979151122945
0.142718968184098
0.1493449757330394
0.110624117396747
0.1298939174034922
0.1273482413993631
0.1295032038736503
0.09237339384978431
0.1137457930523416
0.1120661304746583
0.1304538046635912
0.08568293852949621
0.1103985510940935
0.1161142385324906
0.09882619867356725
