0.01083926217896598
0.01565671250933693
0.04094832496983664
0.03372214947428022
0.0264959746883029
0.01445234957195464
0.007226174785977318
0.01083926217896598
0.02236673164935339
0.03010906208129156
0.06146550036612011
0.01565671250933693
0
0.05660503676959446
0
0.04008806567816507
0.03853959980465117
0.007226174785977318
0.01083926217896598
0.02770033762568519
0.06021812416258313
0.007226174785977318
0.03131342501867385
0.03251778724647704
0.02288288729531424
0.04008806567816507
0.02081826577583949
0.0514864967692466
0.01926979990232559
0.008774640659491221
0.01565671250933693
0.02236673164935339
0.034969524258659
0.01926979990232559
0.0361308753490448
0.01926979990232559
0.01926979990232559
0.005161553266502562
0.003613087392988659
0.02770033762568519
0.02443135316882815
0
0.01565671250933693
0.05780939970697675
0.03974396274203346
0.0418515961085047
0.03647497828517642
0.08310101216747648
0.04490551458937781
0.05178758785838172
0.01204362511634827
0.004014541705449422
0.03733523686726888
0.02408725023269653
0.03286189089218775
0.03131342501867385
0.03131342501867385
0.03131342501867385
0.06021812558174133
0.0903271876630329
0.07897176841894786
0.1219847141986801
0.2661067573797135
0.2581350253451438
0.442273446846576
0.4405529268440746
0.3532223091239021
0.425096940781389
0.453872605803467
0.5524582742225557
0.7449985579365775
0.597650544274421
0.6469003653952053
0.5972347518517858
0.5910982379601115
0.8036968938651539
1.013428010756061
0.8167728231776328
0.7588343868652979
0.792871967667625
0.8251746896476972
0.9866022701774325
1.023693769105843
1.150997753299418
1.054835143898215
0.8357988854958898
1.003033220413185
1.043207310494922
1.261483672828901
1.210269588444914
0.9447076668341955
1.228750825992652
1.241095531909239
1.126093259879521
1.297528522710006
1.280036590638615
1.21451353565568
1.276552538431826
1.073674814332099
1.544709584897473
1.31434658524536
1.420588560047604
1.474770529993943
1.369675574203332
1.393117623669761
1.357244820467063
1.672572733745688
1.567520778448809
1.460805664459864
1.455959538973513
1.411312102207116
1.364327625859351
1.765466356561297
1.671239326397578
1.552136486484891
1.733005925303414
1.322920499812989
1.588281693203109
1.562889718583652
1.606719919613429
1.535046012273857
1.51376893087512
1.34322260000876
0.8869556170843896
0.735291970982438
0.8300064734759784
0.7919830286077091
0.6821423031034923
0.6066832627568927
0.7026738166099503
0.5922882617229507
0.5819221387306849
0.392937594581218
0.3910020125054178
0.4790638536214828
0.4891862301599412
0.348791975350607
0.3649505053957303
0.3426698002786863
0.2675548589655331
0.2617767868297441
0.4007086008787155
0.2448153481596992
0.201128533908299
0.2440841283117022
0.1564524195023946
0.2427650640408198
0.1541583970898674
0.1199774433459554
0.1412545126818475
0.1155040959517161
0.09514463515508742
0.1023708106506439
0.1188304303657441
0.1120057098922275
0.05368015524886903
0.05871267013606571
0.1012094609794163
0.04851860198236647
0.1045788086595989
0.05574477747792289
0.04737159042131333
0.0948435440659523
0.05178758643922352
0.05488451889583042
0.0678457532610212
0.02890469914390927
0.05660503676959446
0.05178758643922352
0.02924880278961999
0.07025447771662757
0.05580212814467294
0.03101233392953873
0.02362844454390662
0.06864866117636363
0.03823850871551605
0.08069228771187011
0.06021812487216223
0.02569306606338138
0.04817449904623486
0.01174253402721314
0.01083926217896598
0.03613087392988659
