0.01082961649460308
0.09626755640668384
0.1124346256609691
0.1075612989282709
0.02011214546606703
0.06297937761550232
0.07767671483426782
0.06052982166788336
0.06910326901760142
0.06961896383661335
0.05369684864403838
0.1513825698272657
0.09411452484585471
0.1112614180122392
0.04022429093213405
0.11368519033037
0.1014116238966837
0.1259587552310046
0.1134144495730683
0.121253028605449
0.1425641668827857
0.08897045735585488
0.1095209452194178
0.01469733721876549
0.08309152308156935
0.1129503235460843
0.04512340282737198
0.1208146877410048
0.06981235063934731
0.1058466097649376
0.05195637585121697
0.02256170141368599
0.1616707048072653
0.01714689316638445
0.06956739504458541
0.04808865512705456
0.06640875594216888
0.09707977714553728
0.1479789751300873
0.1117771158973544
0.08897045735585488
0.1638753036270707
0.1032036677811106
0.1023914478087829
0.06910326901760142
0.110230025308112
0.1343388173110404
0.09778886030033483
0.1026879721955728
0.01082961649460308
0.06001412531581975
0.1014116254297353
0.1458259435692581
0.05783531012550249
0.1005091570052555
0.08181517631573192
0.04654156760391543
0.04855278115403854
0.07723837243677197
0.1244890216624333
0.1871460881955543
0.2406495515699104
0.1220910345068422
0.371185110679875
0.1551858272618157
0.3092886934107391
0.285966342733068
0.2345256601678113
0.2317537981202289
0.3625600930050774
0.2781535473301754
0.3099204226109689
0.392766987031673
0.4723130997049355
0.3935534237577754
0.3600460722347942
0.3150902721974052
0.6106356610067315
0.3475146622242311
0.497156756192572
0.4086504244804383
0.4320372395975105
0.6077993402686918
0.5600587764041404
0.602461885592695
0.4991679678263806
0.7887312859271542
0.5276086038976151
0.7339514765534866
0.8622179697214043
0.5876614107898737
0.5574674078114963
0.6270347997899783
0.6208851228420765
0.6258873765372625
0.7480944446587967
0.5609741339605239
0.6755875778779136
0.5779921101292564
0.5227739572083041
0.6466054606753386
0.5185710324372276
0.6906716879356211
0.4979689761648997
0.6191704363615836
0.6501121975557279
0.6197763807825366
0.8228187917261306
0.7672525467761492
1.016759178651086
0.6304383952536826
0.6488358484903129
0.8539152638955138
0.842737553455567
0.8129045389201176
0.8773794322006279
0.6381093665136625
0.6817243676102263
0.5630240325364521
0.8519685128684771
0.7845799337807349
0.709288314670577
0.5190996186877207
0.5726030812955509
0.4139363069150407
0.5064134973186558
0.4471213465891147
0.3715332046252186
0.4363690855821311
0.2636238102185524
0.3929603719180924
0.3427960422508797
0.4067036719203501
0.2212464892586409
0.1558175556955196
0.266782449320969
0.2984848616954129
0.1928316372001575
0.3244501562732256
0.2097593599343199
0.2332493134019739
0.1810221967934552
0.1276476607648498
0.173480143680916
0.1778635592240903
0.1269385776100522
0.2322694910229263
0.2496613397840727
0.1862178361415863
0.08578603500721313
0.1717912385303338
0.1472698935083414
0.1340165046956075
0.07253264734426798
0.0759362420414464
0.1479789751300873
0.07890149434112897
0.07008309139664902
0.1705148913812334
0.09528773402763625
0.1996646102240025
0.2072582321285696
0.03772316465943547
0.1553018578104043
0.153909481262504
0.1480305462216927
0.0838006062363669
0.1099850712464017
0.08769411059001746
0.142615738740917
0.1570681188318689
0.02939467443753097
0.08722998456303346
0.09972271836283854
0.1352155005729805
0.04654156760391543
0.1513825713603173
0.06052982166788336
0.05878934887506194
0.08524455464239848
0.03480948268483251
0.1066330461077771
0.0428672321494353
