0.01744978717565587
0.01326345391676546
0.01266767403051195
0.01792948677919083
0.01457341172368692
0.008856643859462995
0.009371951106203279
0.01015739397239776
0.0132870751901189
0.01909994723951998
0.01496690987847947
0.01172200714874989
0.003551349595160609
0.01527959225636618
0.006719499098585067
0.01485153126571582
0.01241197953994469
0.01212257430314173
0.01566696991973803
0.01517650407290798
0.01653506940099004
0.009807562273267888
0.0127509472460335
0.01298315889588691
0.01326083733069088
0.02451586081133147
0.01921939862891479
0.02601002696583154
0.01458188059650851
0.0105552215578443
0.01321262884440224
0.01721989276393714
0.01080559050115577
0.01317163027941941
0.0142074952636012
0.01733995444566149
0.00959464128396465
0.01497767071169145
0.01136920624589667
0.01671813873190845
0.01321262884440222
0.01035941886116971
0.01903180956138931
0.0173235078248523
0.01483105008080621
0.01485405305664034
0.02473669518853605
0.01611128893791999
0.01382376410496282
0.02042710603060332
0.01214460717162036
0.01363831081473717
0.0166731241882637
0.008280174818290496
0.020093894609527
0.01463871437504028
0.027756688481722
0.01974790912633404
0.02590509148795889
0.03393235096899968
0.03147296624455701
0.04493034781191068
0.04362041137994458
0.04933381644947153
0.06509838540799179
0.07120796655243043
0.07902349799016951
0.0759038596398747
0.07397870154492074
0.06574616743639101
0.08570502222131519
0.07406043077860829
0.08132602586997116
0.06247470005323184
0.06122429772012197
0.08697456185279714
0.08282768250884782
0.07722104022089299
0.07890536634544996
0.0803108375873182
0.07734538751797115
0.08709433670284916
0.08256028267952258
0.09120299679392745
0.09214562515372562
0.07464978018108982
0.08193118583600742
0.09580656698041537
0.09609074418001498
0.09041486976308602
0.08221167017903877
0.09565647042419473
0.08807144039499863
0.09138742302255617
0.08904346268129057
0.0949279730434766
0.09030574850859735
0.09195501503551749
0.08901046430382757
0.1021539362378629
0.09361745558734422
0.1052216413085552
0.0963442534602119
0.09216501655639418
0.09430699114299078
0.1012403509512745
0.09725374596588193
0.1008814611597495
0.09522336855261859
0.09770314879930171
0.08975371035014623
0.09198945194623311
0.1059049623776744
0.1066443228502569
0.09220959215228205
0.103302727705602
0.09292678588612573
0.09595031375087784
0.09540281728480127
0.09702308651878042
0.09559321548842181
0.1024866260968463
0.08903482067969183
0.0820206637278437
0.07691062999846185
0.07713179495384351
0.07662446862128856
0.07474373832466555
0.06921769427630407
0.07054389672658778
0.07023597918650637
0.06579586119576054
0.06142978607617437
0.05544076975064791
0.06134245586597646
0.06189020226229301
0.04857634419916684
0.06787200215402543
0.04463762164788197
0.04800057038462938
0.05081612395764707
0.05490762446519775
0.04769647907596949
0.04590819165471081
0.04602181070590044
0.04692301308701317
0.04370071543017386
0.03638936378580509
0.03345952277072328
0.03513948714453823
0.03126866330556072
0.03429198658559594
0.03586750864864381
0.03187085197747794
0.03152131963867105
0.02431497826157834
0.01913892643330778
0.0299819865203952
0.02434386305023256
0.03122189376687542
0.02707885233527642
0.02179025505001958
0.02326795172163775
0.02663200305565442
0.02939396588521385
0.02223986498155163
0.01804808909282741
0.02029848580031216
0.02838695954931134
0.02106365256430934
0.02331313422372187
0.02441031594953201
0.01549784395547632
0.01445402114202832
0.02769405896566081
0.02866240069344563
0.02533140441005393
0.01769003776747031
0.02446658494544048
0.02375988012995617
0.01195702169032911
0.01565342826554931
0.02026667113222064
