0.00881499087193059
0.009667891679886891
0.009351121128351557
0.007347907696384993
0.007315414409290191
0.007743247971001726
0.007919609771661866
0.01160897437937903
0.007779002569061724
0.008754124154772391
0.008872367171572087
0.006010889374274039
0.008565119255808044
0.009904218040836641
0.008988349172633862
0.009729412152389995
0.007579848646402233
0.009474290426989608
0.007793933895540568
0.008670187365584376
0.008420187334344142
0.006605430863346701
0.009171511253686601
0.007730385255769116
0.01162523297136791
0.00818885977594244
0.008638130773288134
0.009979706238311722
0.008549596287642484
0.009334615587053377
0.01076867345389115
0.0111528249735574
0.007212886124081242
0.007841756933667914
0.008880781262571795
0.01087835101953863
0.01017012661774859
0.008102228371068373
0.008824077526763386
0.007887784740557562
0.008516716530872666
0.009864112553714563
0.01026656833354826
0.007171349042616558
0.009085102504689538
0.009237176062026871
0.00889625528062481
0.008277892010049732
0.009802703478903101
0.00911564380992843
0.009192458146163231
0.009489220692703261
0.008050915664020901
0.01015392100637582
0.01019594976326435
0.008787785590562501
0.01023840905979297
0.01023260198097319
0.01256696646243361
0.01306640123480451
0.01578984929204382
0.05660686982746289
0.05482393108606234
0.04055708817790202
0.0365318785517924
0.03784627473772263
0.04235703292412259
0.03723728199301038
0.04115888253667686
0.03777535263972408
0.0413036802082358
0.04410532329464852
0.04525446264100012
0.04504735777839898
0.0462213961157792
0.04331356391698622
0.04160766048332217
0.04687064110885298
0.04857566682273589
0.0480425795563647
0.04820194336556716
0.04709465844559503
0.04654196737207006
0.05006091015458144
0.04959823962812262
0.05013779996613577
0.04807611736997684
0.04975805576883031
0.04661602728909147
0.04783405587759852
0.05004544032996654
0.05143152775394338
0.04900872965500072
0.04866571812637319
0.04886975580824195
0.05275147806936498
0.05203252087133275
0.05163067493586614
0.04929439300857026
0.05073846398214448
0.04943749386664252
0.0508563585255978
0.05294729620773822
0.05126575819633299
0.0497924883213357
0.04963768141663669
0.0507431412690289
0.05309423237045657
0.05431272743987305
0.05303092951845898
0.05104326026427607
0.04956039449135449
0.05193333751512767
0.05491842997241815
0.05576079529059091
0.05288551910140232
0.05030770808756729
0.0549412714224601
0.04904463442989397
0.05193977895487026
0.05167576507527108
0.04777362326687389
0.03761009219421831
0.03168576057743892
0.02404699625963366
0.02181181286291279
0.02019010385062387
0.01834323192267993
0.01847701940053982
0.01626228562940712
0.01500670405532007
0.01465455983070114
0.01602039591999773
0.01123384639113106
0.01258897916703969
0.01361485323171836
0.01119167326348307
0.01304431745548451
0.008623152970914478
0.009047024614407088
0.009811935443385419
0.01004692645828858
0.007259079162118417
0.009947101238796692
0.008320955019690648
0.008741076407284365
0.009701797249952775
0.007101745564649589
0.007233108940363718
0.00762143588221341
0.01065771240121545
0.008876339638615895
0.007662770578579737
0.008909469544816665
0.009059457840543
0.007146680667560739
0.00896859483112152
0.007708463505168255
0.008717228685904216
0.006277556182506771
0.005336284474730773
0.008778315992380697
0.008716578908905724
0.008715728451663306
0.00972310839191529
0.007886195277342432
0.007977980567120986
0.006819941456466038
0.008776131508141678
0.007646718544882872
0.008200530493890771
0.007672130120329982
0.007018863923018081
0.008726821071083704
0.009110891053357465
0.008263293217207299
0.008097999683748549
0.005986118043844583
0.008622487348938635
0.00844697810017154
0.009223231404757479
0.007467728706438632
0.009060822448285129
