0.03438344282262466
0.03755729806189444
0.02757287563062182
0.05378552721995934
0.03461014593348784
0.01953432910582599
0.02248148123423259
0.02459738535039565
0.03619707402061013
0.06453507554297354
0.03253202578600715
0.02089455314711029
0.005025272275887283
0.04152461827970019
0.0095215685227338
0.0380862740909352
0.02327494527779373
0.02826243358499864
0.03729281004737405
0.03517690593121098
0.0428470583523021
0.02168801719067143
0.02459738535039565
0.03302321784636553
0.02803572953916064
0.0766259562735464
0.03279651380052753
0.07775947626899271
0.0349124179166906
0.0226704013113882
0.02777124152464025
0.04364052239586325
0.02618431343751795
0.02799794557047825
0.0335521938754063
0.0444339864394244
0.01534030484218223
0.0285647055682014
0.02406840932135489
0.0396732021780575
0.02777124152464025
0.01930762505998799
0.03570588196025175
0.04046666622161865
0.031965265788284
0.03358997784408869
0.07084500392278036
0.0351391219625286
0.0301516336553237
0.06608421966141345
0.0206300651325899
0.0256175534397948
0.04726778666178386
0.01794740101870369
0.06374161149941239
0.03094509769888485
0.05236862594006108
0.0557691870951185
0.08274696457619761
0.1184906305051317
0.1439948320388794
0.2302840482954885
0.2948191264096429
0.3663914696843016
0.488849427653294
0.5197189613884571
0.5487370736458722
0.5871634032212052
0.6741705146490359
0.63366606352376
0.8473062634468078
0.7592695292304544
0.7695845711464976
0.6520007500461503
0.7221184139158211
0.9001188521291695
0.9979132979523901
0.883748937588112
0.9115768596237781
0.8737550623276654
0.8575268378444746
1.03195668739431
1.039466250877754
1.140954091969658
1.109498910576689
0.8821997873923357
1.088821607477525
1.059274527839586
1.260087051344853
1.189194822077658
1.093639068510018
1.313400274632024
1.165863186471602
1.193568309381896
1.245266272507462
1.365835029704898
1.259473067638921
1.265480713049571
1.257007652404261
1.446919495685428
1.334549878859052
1.538224540972242
1.336854696975035
1.393190645470339
1.407661910851796
1.503548268944609
1.53322761222428
1.578115009092817
1.487461732415592
1.44741068984948
1.372664486426933
1.521524014192469
1.657631437918719
1.553687652419595
1.312578482253879
1.626969721270543
1.384698688750174
1.414453598097259
1.471195717886382
1.434847510795967
1.389601170549206
1.431598087385589
1.141218583022847
0.9047946259087207
0.8328444333637461
0.8094750294498368
0.7389700814789417
0.7101219967299817
0.6741327309140972
0.7078644011534897
0.6609272234580096
0.5291838508026273
0.4977381145252901
0.4567235806409051
0.5172629957105599
0.4708642412634457
0.3304588836782119
0.4587355786678838
0.3112268293605131
0.3181035158680934
0.3303833192470027
0.3681295362173342
0.2517170246909646
0.2210364164090624
0.2874229080536786
0.2405707459823758
0.1945498309883417
0.1801919076956955
0.1776603796902825
0.1665518840154012
0.1203042640405543
0.1504558995658276
0.1753177715282814
0.1280122013653026
0.1356445693502239
0.08769667031718235
0.0653285400540221
0.1001653900333479
0.08357821399090337
0.1224579516579123
0.08565633413838405
0.0748501090442433
0.06770893311968036
0.1088557100763508
0.09094609302632949
0.04311154636682248
0.04681437950508267
0.06612200363009584
0.06347712395237941
0.06661319615794163
0.05474901947320676
0.05894304513931274
0.04549193849750593
0.03782178607641482
0.0827847490123674
0.08542962915757123
0.07485010810926848
0.04390501041038364
0.07511459612378887
0.05660043510736203
0.02777124152464025
0.04469847445394479
0.04787233062818939
