0.3469492863338502
0.1908556730023336
0.2517320515260182
0.3111605583131313
0.284954100269519
0.310212861257987
0.244558510328414
0.272489250266894
0.2387801905367218
0.2790968057232314
0.2715810410833098
0.2559966877799054
0.2513766651303391
0.259471577476364
0.3194923961585989
0.2911667799758292
0.2732263479764507
0.2556018147483224
0.3033683827735199
0.2124684330674469
0.2000562324069562
0.2975110867444447
0.1893551524178904
0.2244462710948752
0.2491653705188811
0.3621387661114091
0.2479807516712634
0.2914563545702748
0.3063825856601117
0.1877888200322136
0.2409256721112898
0.2129159574182145
0.3089887528088901
0.2378324942229713
0.1781933875960079
0.1986346865771084
0.3045003537617909
0.2343576037851188
0.2649208355434443
0.2429790144951129
0.1446027872792847
0.2559835260622
0.1689665015432678
0.2637230525068084
0.2274868003824532
0.1417728588200821
0.2541934308833112
0.2015435897909064
0.2410704574314623
0.2537064196495085
0.2093620919786353
0.2334230691890736
0.191329520788512
0.2367136842110118
0.2145875892295538
0.1952256099175397
0.3361823952849446
0.1919086704716657
0.2574313955745899
0.2332782818918508
0.3145301493253213
0.5162053614830384
0.5034772640283479
0.4877217970267346
0.4132091128533004
0.3409998548209993
0.4510380225286621
0.3853836713519579
0.3827116926490772
0.4956061112628283
0.4831281010252856
0.371536763143914
0.4579746411923992
0.573106677111625
0.5503356233642238
0.755512050877992
0.7388220517516463
0.6411434346209458
0.6540952963516361
0.6349044282665182
0.6812626136623608
0.7391511112520767
0.9245311978092936
0.657570186295226
0.7453769573715867
0.6648753520838224
0.7625802933913275
0.8499921884705298
0.8732107668158298
0.7898923967636186
0.7718335016438219
0.7999616806929717
0.6892653890418226
0.8625491776638996
0.7957102049211336
0.9294408007373249
0.9308096984606949
0.8385803361843681
0.8660503927728191
0.9779313008002734
1.103501171480681
0.9391020427505827
0.8730791446961503
0.8087673633590423
0.99737225239557
1.000873470717196
1.011719336767829
0.9992413267774172
1.04041350056972
1.108529232339374
0.9155675663754262
1.009705480278515
0.9587272712445813
1.175973675235129
1.006678118145531
0.9074200036987419
0.934600487175535
1.078400359754273
1.017181758282533
1.090601962057701
1.143738810182676
1.266452426250027
1.187411853428014
1.003071596444142
0.8013042492969115
0.8502686015944012
0.7584341177865456
0.7035598201178462
0.6848164761363646
0.4970803091532546
0.6793145652673122
0.5113484143225547
0.5673151938723086
0.5740938635211174
0.5042143629735611
0.4630290215324021
0.5020557184456313
0.4461679106848976
0.4706764119989722
0.4917758371477408
0.4699919663499939
0.4788371386175436
0.473927538160825
0.3645606580914044
0.3530566695800733
0.4183293101842938
0.3417896026140843
0.3723528338781472
0.3656268170313106
0.3383015526827079
0.2926936284440463
0.3087913149338765
0.2273420130852305
0.2737923342119801
0.2874154806153371
0.3171231532736066
0.284190677888895
0.2419918305569334
0.3050926649155187
0.2159564847287422
0.3323126330511655
0.2754244803759407
0.2524296616111459
0.2910614822800857
0.2826769945982213
0.2457562946007063
0.2549831789235274
0.2291584312052675
0.2928252515522509
0.2054791655558381
0.256496862955595
0.2146534012779187
0.1687427392443184
0.3131480896371147
0.1733232764936373
0.1798255317829183
0.204347194567567
0.1997140094589014
0.2281975716910239
0.2058477144106164
0.2121130454361113
0.1942910738387069
0.1730468641111597
