0.03624615228694418
0.02838636170262876
0.02241166324719139
0.02725006899108057
0.03085792803246042
0.02325471872868745
0.0235113007866818
0.03280062105344689
0.03789560911448105
0.03146534717601279
0.03992732063583706
0.02565821253735086
0.0218984991312027
0.02743334225986315
0.02323900953583095
0.0253806850184565
0.0214795892653258
0.02085646144721819
0.02321806407493094
0.03582724293936854
0.03532978775708571
0.04016819350097491
0.02574723077856976
0.02287246377571769
0.02787319758664007
0.02369457379631374
0.02686781403811082
0.02804076088511425
0.02470519335373588
0.02562155814274498
0.02547493952771892
0.04555641827375993
0.03269065761047861
0.02565297652845797
0.02677355926969777
0.01557820037655209
0.02386213787223982
0.02310810063196265
0.0281507248463838
0.03998492075049359
0.03102549159008524
0.03210942045502041
0.03042330975117891
0.03568062458349311
0.0248884661042172
0.03425109593764596
0.04920616849609043
0.0278208332217258
0.01997151478477146
0.03570157004439312
0.02067318843758624
0.04343045198399088
0.03945604718249777
0.05030056976753732
0.03322476718736731
0.03635611624821373
0.04737343891807225
0.03236600251301475
0.0341620771781258
0.0746915806894717
0.1149854473445727
0.6543996344441952
0.7808841542057369
0.705318096280098
0.690850000925686
0.5635486105213995
0.5451061155485071
0.5198458688414616
0.4713466091000516
0.5360629062289777
0.6278774192799692
0.6019259682168131
0.492370633068292
0.533769375215406
0.4961879476256992
0.5801269584375879
0.5363142508527506
0.5975169430608335
0.4899933204702709
0.4855476420858632
0.4716346076001292
0.512043675261995
0.5110016375780105
0.4094055880670962
0.383684538628744
0.3551620326612306
0.4189514918171841
0.4125735907450966
0.4076671114434366
0.4588369186805642
0.3380652815103531
0.3833127547865329
0.36416335105896
0.3665092448825422
0.3692792826372644
0.3750864172759263
0.2629547912141551
0.3085792831752611
0.4083111870548
0.3698186309441276
0.3423800500838653
0.3582357778497364
0.3280428699825121
0.3337086226629175
0.3329755306243897
0.3314098558996035
0.3196332607580268
0.3520935172620027
0.2948914119730825
0.2134030219005502
0.2063862864090049
0.2369300316209378
0.2148534961368727
0.2169166251369145
0.2226242704235989
0.1801468359387439
0.166809801692548
0.1835452395936717
0.2170422975135886
0.1564627348080925
0.1438587926004244
0.1031303057204122
0.1032036158053771
0.0816821347112241
0.06970132083996483
0.05438493827114935
0.03672789879467176
0.06100370974644371
0.0473839115837346
0.03395785896674446
0.03119305592516194
0.03160672874554344
0.02672119594138601
0.02862723430861597
0.01988249654355256
0.03958172059577444
0.03105691023494886
0.03963932019212971
0.02519741200882455
0.02966927199260048
0.02195086271866508
0.02521835746972457
0.02301384560439898
0.02524453932824342
0.02532832117184349
0.02613472199958304
0.02200846283332161
0.01876714981120566
0.03056992810705434
0.01821733078230982
0.03802651827749998
0.02232264500597249
0.02493559368278669
0.02675785007684127
0.01506503626056339
0.02558490322983783
0.02186184421829555
0.01590809174205946
0.01938504136126974
0.02129108024680096
0.02523406666258107
0.01979347830233366
0.008064009832299273
0.01689776583858158
0.0339421500330386
0.02743334200071252
0.01550489132818968
0.02067318843758624
0.01231594189353611
0.01304903393206389
0.01980918723603953
0.03034999992536462
0.03263305775497271
0.0267735595288484
0.02893618021322333
0.02604046749032062
0.0283863611843275
0.02672119568223539
0.01407536216404127
0.0141486714715543
0.02442766583484152
0.02067318843758624
0.01356219804805258
