0.007591393700082457
0.0474707040090953
0.04951046330569268
0.04488962440878433
0.01557522469434221
0.03395883280396368
0.04215172518187626
0.03284919257540356
0.0313868775590088
0.04662023528479745
0.03133632416680556
0.06318160420652286
0.04209084940215468
0.0454935115269953
0.02304079784407043
0.05195154626103864
0.04978146631598086
0.0526099092269813
0.04528897470378202
0.04923967139580518
0.07024406648612104
0.04006581984793636
0.04682745431322528
0.01469733737153152
0.03757344389579793
0.04807550148256399
0.03578460422040917
0.04415042158395688
0.04108030611513633
0.05784751339016796
0.03407803726031491
0.01789230211020458
0.07906519083977075
0.01714689334461147
0.03413425471700547
0.02384171240399786
0.03573722760907817
0.04702621395637302
0.06348636581861514
0.04392776251866032
0.03931435593442557
0.06998564842251923
0.04642736556091939
0.05000265264234389
0.0313868775590088
0.06840784291517357
0.05254513994094579
0.04500151515108326
0.04822446581790245
0.007591393700082457
0.03477087618219505
0.0467788940395082
0.06353776553269926
0.03035882904583736
0.04518240726941961
0.04138887729875586
0.03377399296914597
0.02736375043172641
0.03700852165823326
0.05494239110513571
0.07001513292653302
0.08711365998603315
0.04501209390357873
0.1025681350743147
0.05333794957417176
0.08797847226476253
0.08288918819990039
0.08575318692478948
0.07859218672727732
0.08598619705416945
0.06772323158166901
0.09329085509231187
0.1069725235485156
0.1012650251680698
0.1104165795717373
0.08552561114515898
0.08419712710421187
0.1556673187144622
0.08500047286816495
0.1201445501765348
0.09228229822644149
0.1048204191284739
0.1177393111265076
0.1004771982974278
0.1252600333625503
0.1060721185534188
0.1498242421797525
0.08798679296930852
0.1424711520849282
0.1505237729416871
0.1174676677967588
0.1164403704880453
0.1179607855096931
0.09993732717002549
0.1281539879096585
0.1011483176972412
0.1162017406264115
0.119244417174297
0.09050324733174854
0.1038908550485372
0.121851445581122
0.1048200970509021
0.1195015875886948
0.1109698071130263
0.1453825214961933
0.1140546170740656
0.1181986538075912
0.1605947504536143
0.1399633496798711
0.1528562577449087
0.09508540950772086
0.1126129955524858
0.1568003752970802
0.1590489963260208
0.1394560688255458
0.1731433895963773
0.1400373666431373
0.1453553670648499
0.099058644061342
0.1659603993720217
0.1568140470542567
0.1381123894360651
0.1247349361392377
0.1052571643341442
0.09835938315426046
0.1054759987935694
0.1183241806051592
0.08420167743444269
0.1175421377124447
0.08257598466130833
0.1234324472294121
0.08879423717818449
0.1073570858366691
0.0739242576467523
0.05553950813706406
0.07006504879600499
0.08236309497954249
0.06272599407435223
0.09104830898535927
0.07407114915238752
0.07265000798017079
0.07138005342360645
0.04969931396915363
0.06350994828779692
0.0690697176907709
0.063268978238864
0.07919142672451908
0.0927524266277458
0.06958015147260568
0.03594211077524025
0.06292792625847776
0.06267491380378966
0.06758764536999839
0.0393424852955867
0.04424425985352923
0.06384014778630442
0.06048143115442679
0.03217193008155365
0.073800454146984
0.04861227913631561
0.0720142812119856
0.08763113621903743
0.02655621832286701
0.06761149810474412
0.05089804091016702
0.05088440710627543
0.03414858627053251
0.04396251527534119
0.04366696853868556
0.04906707251094188
0.05830308970633558
0.02939467474306304
0.03588329490975939
0.05934778926339156
0.0581062616374293
0.02648037894846394
0.05727209138181676
0.03284919257540356
0.03547995143561395
0.03735353701337003
0.0211756090678285
0.04769371745101217
0.03066503026832466
