0.03233256999753479
0.0358272882608267
0.02696439598360632
0.02916210494999193
0.02679969650557917
0.02267706203155028
0.0216682776171937
0.03314062711010631
0.04049034238371075
0.03431411151193146
0.04711949736134619
0.03710885587920491
0.02119991361585438
0.03007824604327862
0.02900255223115285
0.02750481614190289
0.02111241679925185
0.02356232206026713
0.02750481614190289
0.03256417887333112
0.03270829093252492
0.03903378087740678
0.02669675928405207
0.02734526367778452
0.02662470414597764
0.02302190164724986
0.03780882926578195
0.02795773973831764
0.03202890572894333
0.02972311278184255
0.03552362297335242
0.04714008452545883
0.03858600454962152
0.0268357248387785
0.03914186536756336
0.02008304547550332
0.02777759985536592
0.02500344265220512
0.03001133690023015
0.04470562017880953
0.03893599105186951
0.03303769065274133
0.02975914111504188
0.04262114195232718
0.02734526342306381
0.02756143214865628
0.04440195565549736
0.03689268740833315
0.01983084892615294
0.03743310782135043
0.03289357782938541
0.04150427355725541
0.04742830838912573
0.05635811031883598
0.05129874707796635
0.04533353689898793
0.05818009860495217
0.03923450919807467
0.04157632996893337
0.0715619326911421
0.1269472861646587
0.6452617647810879
0.7633204306038017
0.684285250866515
0.7772684084554004
0.6267896837148911
0.5761137049422305
0.5526028537852132
0.5284074673540572
0.5629634826611249
0.6018377110744134
0.5549086453313501
0.4831151027455289
0.4804232972554671
0.462095329649428
0.53094486764863
0.5051796912637532
0.4933213261712311
0.3921855370967816
0.4087326883250831
0.3755508893065982
0.4077856674408301
0.4209873611346269
0.3822829813784004
0.3659211162827973
0.3131194847007083
0.3613609992540799
0.3735950813334212
0.3627712352153583
0.4134678015342125
0.3175200486285055
0.3316687646075192
0.3133768272450846
0.3274277536532818
0.3103504732378528
0.3766934914976104
0.2309756068847118
0.2655625027469081
0.3460285033170993
0.3245352197151918
0.3067888464683142
0.3152399893499847
0.2959907365660382
0.2990531173781452
0.3017243378692203
0.2992589919485598
0.2832676998825155
0.3331870892618456
0.2674359609173913
0.1861310221700587
0.1891162012122635
0.2016282155473008
0.1955497752652209
0.2084272165074308
0.1897286775275173
0.1707882342430261
0.1482707240387925
0.1714985006385379
0.1786989564569587
0.1367829342683156
0.1330102868059762
0.1002350857115199
0.1152175942547301
0.07405815903957073
0.07438241212795942
0.0545361217779991
0.035827288006106
0.05944107854977632
0.04724302200170664
0.03131863907871083
0.02849816040605561
0.03773162584019522
0.02662470363653623
0.02813788013071077
0.02728864818047255
0.04210645660885379
0.03290387198456332
0.03445822306168385
0.02800920847644154
0.02646000390378838
0.02878123751053443
0.01992349250194354
0.02584752733381385
0.03223477991727682
0.0344788104805172
0.0235262937270678
0.02235281059884617
0.02003157699210012
0.03123628978545849
0.01646480333601308
0.04292480723980146
0.02918269236882528
0.02919298626928248
0.03274431926572425
0.0189867639898235
0.02349026615803058
0.02696439623832703
0.02094771783066611
0.02950179755178272
0.02330497951589079
0.02858565671321673
0.02521961112307687
0.01498765441087576
0.02462257521274762
0.03804558439132495
0.02583208692888928
0.01925440068937774
0.03253329780876127
0.01498765415615506
0.01714933529878274
0.02703645239528428
0.03328988643792959
0.03683092617071592
0.03208037421234652
0.0327649069392783
0.02786509616252704
0.0318487653365502
0.02972311303656325
0.02093227717102084
0.0169331675920731
0.02345423807955196
0.02176092119298429
0.01981540826650766
