0.02859801352646256
0.02875893063734369
0.03577894619461888
0.02546515569308605
0.03614603900710327
0.03550739838335359
0.03460223851472699
0.03549231243531739
0.03827819221950523
0.0380116729746283
0.02314191272711704
0.03715177144785266
0.02865332900109022
0.0274514784892566
0.02428844826206534
0.01594589435979568
0.04063663564793501
0.01999396894570432
0.03549734100170573
0.03512521987170417
0.0346173244627632
0.03301820949124394
0.02632505721986169
0.02650608909403855
0.03741829044385842
0.03433571951872123
0.03294780806858007
0.0323292824569973
0.02766771057702306
0.02640048696004274
0.03250528539147905
0.03642764395114524
0.05098562760741327
0.03157498281534629
0.03808710296368052
0.02479634342213513
0.01738912103569333
0.02161319892939048
0.03924872469553619
0.04464951002025405
0.04910490619862503
0.04559992773298929
0.05093534020143162
0.04336720033080194
0.02640048720891391
0.04090315451950519
0.03120286193421589
0.04847129401682812
0.04086795418148001
0.05044253098939804
0.04635925531885071
0.0386151123893037
0.05999699353176268
0.04760636479471322
0.04681183587534193
0.05218244905511621
0.05963493003228015
0.09601731539270325
0.1068390010543059
0.1752288339033505
0.3219049141153164
1.067444623760988
1.154349995928667
1.103183336695948
1.079196613367515
0.9502968587805682
0.8218245429136559
0.7760184422166462
0.7985317694618209
0.828728903559404
0.8378810717069033
0.895700652191186
0.7299558777898737
0.7525798362331749
0.6965303445907625
0.7697275858333563
0.7799558864754774
0.7376346478631451
0.6145932903369433
0.6220709156392761
0.6344514833860457
0.6382682429226058
0.6443328108319659
0.6126371381924894
0.5820025144638746
0.5520266493576305
0.5333703058248771
0.5926381426713661
0.5919441869462955
0.5682792939821215
0.5121694568054661
0.5201348603891679
0.4800010903394297
0.4848738679806225
0.5003470670206313
0.5490044227223805
0.4224178559595956
0.47720012448277
0.5014684591014599
0.483682072983903
0.4983054286253975
0.4566530046482922
0.4670422228990367
0.4406015061635314
0.42596809226934
0.3919240364451
0.4019009055324785
0.4240219999952456
0.3540632229508338
0.2800513423808184
0.2760183537429459
0.3335412442061996
0.3204214602771034
0.2953183654703527
0.2677160291183965
0.2356381789627553
0.2117721379923173
0.2215830627712178
0.1943377603568712
0.2037212466646087
0.1739716687879383
0.1272754932992891
0.1459620100969064
0.1182540697444207
0.07635523854815139
0.05460123702230434
0.04744544768383209
0.03725234501546012
0.04217037826092108
0.03396862695510801
0.04570050130059674
0.02328271557244478
0.01896812174165921
0.02386604047269562
0.02555567163017448
0.03843408126174035
0.02389621261763921
0.03836870840546482
0.02612893989539097
0.01721311772790483
0.02564115900087456
0.02851252578245573
0.02510812075999186
0.02486674459592783
0.03440612069251393
0.01520668066618089
0.03230916794257273
0.01992356802078279
0.03174595730787528
0.01883234771159098
0.03736297521810193
0.0211203897173569
0.01941064404545348
0.02238761308546604
0.02045157744640597
0.02094438640956839
0.02992055187145703
0.02011465702773634
0.01018807385311246
0.01916423956387227
0.01661470687961777
0.01686111111232782
0.01950115973367074
0.03164538398913899
0.03618626803595238
0.02816051978905664
0.01390425658673981
0.02143719562160197
0.01831942398513284
0.01763552526840338
0.0193955578485461
0.02481645793655969
0.02534446748661846
0.02942774315716578
0.0309765714693169
0.01941064379658231
0.02877401708312224
0.02319722795287353
0.0200291692837295
0.02066278146552641
0.01914915336696489
0.02421804708827264
0.01302424029666845
