0.04610816688067035
0.05635921548581437
0.05362086968916028
0.05341802917162054
0.05073546453871225
0.04276383532230792
0.0372922145015315
0.06309858908896383
0.04996467079104561
0.04532723120709783
0.04727449964229998
0.05012947858658276
0.04018776176830656
0.04686121209138319
0.0458064419428769
0.04250774924151207
0.0391887726883355
0.05994442052174555
0.0583166258469224
0.04866902773623404
0.05372482526278809
0.04353970017574336
0.04930036869354938
0.04593828826499613
0.04281961639084314
0.03883126634876979
0.04425471252163774
0.04520552709651621
0.04898850130619187
0.05016244034563241
0.04861324633446179
0.04920148355921633
0.0534357778989955
0.04453868906529326
0.05162796230174994
0.05601438681546011
0.05779938267477248
0.0490113208537039
0.05923194344310384
0.06197028919215266
0.06193225670817652
0.05147836758549277
0.06314676378447759
0.05547939534438284
0.04431049368538355
0.0528957150365177
0.05568984218733876
0.05507878546267748
0.06575833455520241
0.05363861817850879
0.05673954165852384
0.05650120382905006
0.07017518489423551
0.0576472525008415
0.06118681787048516
0.0661564087412075
0.08892778379517166
0.1069095883771777
0.1406673081387815
0.2001375889353062
0.3701483022875692
1.165992755184597
1.320448142554572
1.146697562295591
1.178571400301864
1.110665491537514
1.012074898980244
1.000611879565763
0.9866767425517503
1.052338728049162
1.129407951416467
1.121012892342398
1.116154863608746
1.038373161591825
1.074810911147532
1.01926559480813
1.101119316732335
1.149570290824144
1.121182770339203
1.099983409748422
1.063877812955254
1.147372007033072
1.08625111253787
1.136253816717393
1.124866861080731
1.138999769125095
1.076400674100063
1.051382841321199
1.110962150653726
1.168573903986027
1.14233649093046
1.128505309823312
1.079737400808774
1.117648275313644
1.131165055717998
1.187557232629626
1.154648909183553
1.178140366641864
1.106808989912193
1.102374391131417
1.116616326093203
1.185318382229852
1.228774410112516
1.148467345932518
1.172965399605506
1.098753691306632
1.163363440542237
1.148472418942499
1.227866697746829
1.196621665668644
1.151695044914516
1.15502669856564
1.101000149507585
1.201540548385601
1.203979703035951
1.182161678014539
1.101299337845178
1.102065060867918
1.089993519424765
1.126121935432208
1.167853822628997
1.028859945165719
0.8771276910367765
0.6676771914017043
0.5702909614241437
0.4833155182172593
0.411294485717855
0.3760560300163532
0.3395574289528163
0.2791363335814131
0.31638290889271
0.2625617344293155
0.2559034968522819
0.2231701203189398
0.2040955136281095
0.1885579353258798
0.1594604747433412
0.1685654749623255
0.1475157087545646
0.1435020030884366
0.1331901023089886
0.1180784897981506
0.1212301234789585
0.1113948969779046
0.1014531807308919
0.1030023743136149
0.107203706989555
0.07997237834004979
0.08977464217755356
0.08751043601090971
0.06606005982623288
0.08160777938789443
0.0582963417570842
0.07955148398766393
0.05133891489035206
0.05919391072110126
0.05847129190697482
0.0548987644450445
0.06886939977070218
0.05429784974149968
0.05746976694088234
0.04561374344645362
0.05963255318199333
0.0592192658214977
0.05104479613515892
0.04849661332964898
0.06006105362176896
0.05420657159905685
0.04329375597324811
0.03636929053232858
0.04733028075844049
0.05258131257232867
0.05139469619691372
0.05124256554692984
0.05663558575165899
0.05012440767123512
0.04518524291146743
0.04692713527624544
0.03421664626472875
0.02795141219637896
0.04281961643844843
0.04433838419584851
0.04817206851110648
