0.03470452436914671
0.04684745101763214
0.04594874834548884
0.02815758574293389
0.03454254894091095
0.03506505010960676
0.03962125979897257
0.03446417374621245
0.04234871572113864
0.03949585977190229
0.02300572434112979
0.0358174516942651
0.03433354855100917
0.03525837577087502
0.04918825548796747
0.04070806231777994
0.03677362875928072
0.04442827057683287
0.0333669215376103
0.03883750836916446
0.05079233374874918
0.03029984015963341
0.04045726187575665
0.04190981478598009
0.04149181387688229
0.03261451995295195
0.05272036299529665
0.04631449964196459
0.04457979553950842
0.03589582740614057
0.04989885714979855
0.04087526278485445
0.0309216162905
0.03919803423891875
0.03288099551149149
0.03720730504348325
0.0451127470444702
0.03279739540724847
0.04181576473335382
0.03602645234275537
0.04216061535729762
0.04302796727923147
0.04535832244765474
0.03537855050051807
0.04942860585231326
0.0312612420048993
0.04190981478598009
0.03949585977190229
0.03956900979846781
0.03894723340901273
0.03792313148556459
0.04594874860407732
0.03344529673230881
0.04533219738275523
0.06892834800960185
0.03152771782202731
0.0508550343441084
0.06638376754173229
0.07551186229556864
0.06121623154058891
0.130008729445443
0.8606272872513132
0.9539146381965686
0.6741570826466327
0.5263415104396432
0.585828264726734
0.6198483136625973
0.5848773138642053
0.590567350775456
0.5419590703318796
0.5518552415283021
0.5974852647026294
0.6171835609216753
0.5751378916349432
0.5750751923325264
0.649374856219633
0.561693937685381
0.6364533989134683
0.6525568858661775
0.6214001405006375
0.6879511118710946
0.6186935868025343
0.5974486898186409
0.740331849669169
0.7801621116681626
0.7849900235064377
0.7118555415995468
0.7100633638799837
0.7947869143103312
0.7198393537527569
0.7813272897695512
0.7822103183595323
0.717059651062442
0.7733016725217443
0.7006165395589816
0.7932977892312982
0.8190152972225512
0.8386508918118839
0.8214188000902437
0.7714624680303959
0.8053414391074936
0.77660910374689
0.8737159370083095
0.8144643074002546
0.8434787997713317
0.8154309412662482
0.8412633975260687
0.8848922419444599
0.8847981871079468
0.9679908186132634
0.8996737953639082
0.8557471252832392
0.9334900707588278
0.9175224339108664
0.9347806448791652
0.908216688612278
0.8954415374360736
0.9210022901247483
0.8390218633633115
0.8309701245415495
0.8667562257441936
0.7552544809473828
0.473715197626267
0.3858984340297426
0.2570810038717605
0.2238760569866205
0.1810988898908239
0.1562539604118744
0.1320046836797172
0.113643994171035
0.09131229621986504
0.09501682962099021
0.1120869416476847
0.07771681679045042
0.08532443287057111
0.08409655559605994
0.07721521590640384
0.06419448777548403
0.03799105634399712
0.03034164008246068
0.04457457062996391
0.05696307190586843
0.02953176319987035
0.04826865408270582
0.03763053060353708
0.03450597405692243
0.02411342675670367
0.02734248356291632
0.014353105665029
0.0270812335603925
0.04803875302027208
0.0300072392776059
0.02658485693941923
0.03901515852603375
0.02446350254878046
0.02921826255037055
0.02695060810660075
0.03487172470692699
0.03320494585078606
0.0184860895357525
0.01157339974235816
0.04084391255182196
0.01552350815878514
0.03742675564035676
0.04594352317735585
0.03357592192751208
0.02932798771951307
0.0190138158725813
0.03097909145913776
0.02861738618697623
0.03315269610886977
0.03499712499258575
0.02232647278303697
0.04086481283647119
0.04150748899339854
0.03782385600621685
0.02804786005661441
0.02247277309475649
0.03044614072994141
0.02512185382222405
0.03713415475832925
0.03144934236874032
0.03732225486358179
