0.08861882872534571
0.09124274482881581
0.0994713604622693
0.1094801788028606
0.09370453215928541
0.1021338569483271
0.1033454602325542
0.09977219453840344
0.1022339816964059
0.1071924619652607
0.1020075524381052
0.1046397355730059
0.09628665280804315
0.1040467939477552
0.1018523130634869
0.1039241639103878
0.09478248238425564
0.09350657864922175
0.1020149010475035
0.09921783315776675
0.09304407497660981
0.1007610430113143
0.08831937243748042
0.09472644920633347
0.09924860528877212
0.09767829731141252
0.09410732839670446
0.09080366478129118
0.09252645675506857
0.08884250210529124
0.09547922337703683
0.09844301312437488
0.1053057041329642
0.08981481641186057
0.09748769262633114
0.09951223712414503
0.1080187223161812
0.1009488919818843
0.09735358045953843
0.1028815785388428
0.1021164036442146
0.09783537415097709
0.1088385524107488
0.1018885966580085
0.1065972238882548
0.08966646593546977
0.09995866567758774
0.09825240806848914
0.09638264414819854
0.1036628284491599
0.09157389185943261
0.09203226187404383
0.09485964266652311
0.09789370376340768
0.09395162923330511
0.1032251263882413
0.1084945453244641
0.09320069227747067
0.1001313580976178
0.09447797381802013
0.106774509134185
0.1008813766917835
0.07665849267505109
0.07492100349972369
0.06810102635925566
0.05927212025832247
0.05937132678270616
0.05295230842333425
0.04798326443846303
0.05354387207060225
0.055584032519686
0.04849169690472385
0.04643959535665258
0.05714193966101717
0.05532361589441145
0.05934744377413557
0.06044009158870688
0.05250358346987654
0.05662478077121907
0.0545731382616968
0.0577137540180788
0.05752039354949914
0.07244360069226888
0.05646127393400228
0.06320592798982505
0.05887988809910086
0.06248576335470985
0.06869488654451238
0.07029734467397686
0.06117265695637023
0.06713376448627699
0.05807934794574976
0.05427597845145674
0.06597130492984972
0.0639991194130508
0.07009801358260491
0.06941229576693365
0.0727338710696333
0.06493285335427909
0.07677882644175379
0.08994341735659098
0.07961723026474593
0.07106894969560758
0.06458425317477021
0.07444334349215583
0.08151547058002541
0.08699432483667301
0.08002921234367898
0.07957819088672598
0.08685837547225808
0.07512217221126237
0.07976649914592228
0.0892191189772415
0.09542043462257695
0.08735670367497261
0.08821006196861465
0.07891360040823067
0.08936930665125449
0.1000987490276909
0.1021862159379655
0.1034855434360604
0.1334228969903456
0.1645070940290612
0.1767016671149543
0.1642292243152581
0.1622460160007769
0.1499857644688476
0.1503683519032266
0.1366016335906116
0.1326650704809085
0.1381710227233944
0.1237015931315168
0.1255731943097931
0.1267889315365917
0.124165015321018
0.1201012290721
0.1196745501882914
0.1257518578010301
0.1174869583143542
0.1066569316338886
0.1123153678469222
0.1083223123310341
0.1121757440010293
0.1067947180148352
0.1062426533877712
0.1095215149775699
0.1022349004547491
0.1001823391868836
0.09335042051626025
0.1045598194555
0.1000620056357649
0.0823160104919225
0.0842551271672602
0.08558063416879762
0.09426761996345939
0.08845807766300384
0.08689328124401746
0.0865864763295071
0.09154817195505732
0.0947585995481522
0.08410356187744548
0.09073844583084185
0.09078391566355196
0.09185497661949032
0.09810956965924965
0.08482556357220919
0.0840902425331512
0.09704861263054665
0.08790187911061501
0.09183017511990059
0.09033794607967138
0.09366503312183475
0.08047977426192826
0.0847098227435102
0.07398726972233918
0.09346432421632388
0.08215755580372557
0.09076646235943944
0.08676468027341697
0.08803690976842686
0.08770622218165684
0.0967381335536225
0.09111092893268775
