0.009212529522767514
0.008362528633183933
0.007975028448234753
0.008296386694741134
0.009291595024949469
0.007508284261261601
0.007625427644329819
0.01083889981549692
0.009215481439334062
0.009215176573738009
0.01242554637701119
0.0101094676173716
0.008647798192752668
0.009156372154218894
0.009202106307489768
0.00866751384880177
0.008325501346340396
0.008987612770603837
0.010430958837883
0.009277293916941159
0.008291688456050859
0.008759603138468672
0.009958588118424967
0.007043399306395055
0.009943687468230043
0.009573448547314851
0.00999304475298058
0.008186034695077274
0.01011786269234766
0.01126333510480262
0.01167561036173738
0.01094402605210268
0.0106265908306218
0.009159952117310466
0.01472479867228714
0.01314742751540838
0.01057050435475869
0.008426053076453603
0.008575576601710669
0.0110097099133027
0.01077791874483568
0.01140110154349145
0.008455229865958949
0.009238502226556634
0.01108698105763902
0.01067102067156001
0.009357234453972676
0.01323485411306631
0.009349038612609087
0.01156301285595551
0.0132964671273199
0.0109540270482194
0.01384385925145513
0.01271157116912713
0.01137044986795737
0.01169171074911182
0.009764340390848657
0.01238896798721454
0.01378042013997481
0.01668628931231437
0.01955515585853579
0.06265937684687305
0.06693245518642658
0.06336344999762906
0.05459228389061786
0.05329261710347281
0.04548029608229422
0.04683197390511018
0.04889240756871635
0.05228586499395523
0.05504157581847605
0.05789439323343047
0.04980856243468516
0.04597603306237799
0.05169028327364354
0.05123989173071779
0.05477048589657951
0.05703571108320931
0.04684146972915126
0.04806433580006442
0.04979844407042668
0.05226873392674108
0.05209970699297065
0.05652862549252332
0.04734605366480461
0.04642333262607497
0.04538907299742811
0.0528754709807704
0.04759717574083409
0.04850747321379383
0.04889668729387622
0.04582293370094447
0.04638501964632437
0.04778038141855954
0.05177225097376289
0.05486613683761311
0.0488066875788989
0.04379769022133838
0.04724913477586742
0.05050227960429378
0.04918644343822141
0.05015682811375876
0.04798082935452355
0.04512113044156851
0.04508119129191553
0.04822263162697528
0.04486349283323673
0.05107588090945872
0.04766859928941658
0.04303127692502345
0.04426723753661325
0.04488436935649091
0.04502384077020565
0.04822294434112728
0.04710075411826287
0.04081597020774268
0.03964786192007798
0.04602573233053358
0.04516524937752976
0.0446165018438356
0.04327161333282512
0.03208769517610031
0.03394334404926309
0.02513972432522608
0.02031481214212232
0.01851351500702106
0.01628324458810395
0.01535951053299231
0.01435768855947562
0.01337583842325454
0.01303626063770276
0.01470310584041248
0.01181187591403568
0.009031414266483451
0.009625084491069228
0.0118098487437024
0.009126236744794026
0.01094485390839095
0.00963155521226374
0.01301459939005039
0.009278365040875241
0.009316386882259277
0.008623246986596497
0.008562558701270154
0.01128488061954949
0.009747663786608898
0.01162019933635179
0.008936719877636123
0.01113332199331411
0.009230334648354408
0.01237126690400745
0.01292001071031545
0.00631299640936299
0.01048389327334988
0.009865693272441581
0.007707110146138238
0.008647430174346464
0.01252099342954911
0.01050675726761302
0.009758611805669448
0.008375296844856875
0.008658578414174315
0.01122929200155042
0.007524335699374582
0.01089440571474957
0.007012493191262433
0.008557991943218664
0.009475358473943421
0.008309842746166149
0.009361133236729281
0.01081365453689343
0.008530363386210535
0.008340618251970378
0.009477724320200168
0.008644948715274634
0.008949819133768576
0.009710153744017123
0.009453873833953141
0.008679118095840196
0.01138197421540068
0.00890568202204752
0.007920915563493915
0.01060792648079536
