0.03894541792269709
0.04914015010475858
0.04762506345187677
0.02435436800344666
0.03118509486285862
0.03114400781802277
0.03738410831260274
0.0401009924884544
0.03189898299764214
0.03913030949736963
0.03328567209528453
0.02365588709743801
0.0407737928158693
0.04105626710696515
0.04378342158250463
0.04592508611394398
0.03494456276964786
0.044651386198967
0.03114400832637795
0.03869375923295011
0.04412238963885602
0.02909992562174035
0.04061458080308016
0.03508836780783973
0.05444551912197935
0.03673185112633939
0.04084055916841096
0.04840058253518045
0.03979283863547514
0.04254567381669717
0.05619685609203412
0.04693685576859822
0.03294156774529008
0.03964389806617297
0.03742519561161619
0.04390668335245616
0.04732204690925094
0.03849345979405873
0.04033210676616189
0.0362028550745836
0.04408643863348564
0.04000854568440777
0.04264839104752043
0.03277721918468028
0.04757884074884183
0.04341877396426984
0.0517440434457905
0.0400804482035037
0.04371151906340869
0.04861628971120188
0.03503187302587383
0.03893000993138946
0.03682943295314114
0.05163619017550178
0.05364945715170171
0.03738924511460099
0.05274040549040349
0.05723944096677085
0.0805717677449875
0.08754116436565863
0.1362036767798954
0.8693667158389142
0.9268321337730392
0.6765399022397202
0.4788596733038359
0.4997370456581685
0.5623845738896938
0.517563704615717
0.5744590409783158
0.5624667505211414
0.5818958039731105
0.6267320814925724
0.6008780388943931
0.626542054132612
0.6502236232066205
0.6809567633722382
0.6169174054284086
0.7645330207942646
0.76017265469789
0.7618572236632487
0.8312276290423835
0.7678405355288784
0.741169879685587
0.7734694607984791
0.841828096268782
0.8173504686558933
0.7754211020367995
0.8059231279247097
0.8337698895285632
0.7761863440847092
0.8261482388988487
0.835901287954245
0.7801872011440903
0.842577935917291
0.7633260909174042
0.8678721701666745
0.862828732299398
0.8641229777702136
0.8802342452982596
0.8386592544726471
0.8253367663954875
0.8332819848426624
0.9406322582698325
0.8653607212150021
0.8879586182423492
0.8920673288261967
0.9038079642791992
0.901594399643351
0.9515562868321629
0.981858011247761
0.9450183051989786
0.9055182092479551
0.9715605628515865
0.9463022751594657
0.9725363757818747
0.9782423471082756
0.8907063184008162
0.964236786751859
0.9109519768371257
0.9050713902089134
0.8862586428107483
0.7811732889492629
0.5218829834130781
0.38059478070436
0.2487925538884551
0.2240940812808364
0.2001351763698846
0.1642764248827627
0.1439845429808854
0.1179610120970557
0.1071397020364367
0.1044690420886855
0.1218540135985498
0.06932417886343592
0.0873922227796461
0.08799825751705211
0.0705208399656739
0.07441897725245591
0.04309521288251572
0.04245836368755999
0.05082985650755958
0.05771707751349345
0.03306996479217432
0.04541149741805185
0.04009585568645616
0.03668562816912686
0.03330107957823698
0.03072286516364449
0.02377914912156713
0.02947484570017247
0.0489449860698887
0.03751250612201976
0.03371708644732738
0.03632098055089206
0.03262314295717902
0.02888421831863013
0.04111789742004134
0.03679348169359317
0.03619771928929571
0.02270061260601605
0.01716412829437744
0.03770253335489139
0.03035821741832091
0.03490347623316718
0.04075838533291685
0.03749709787653453
0.03084099102121935
0.02312689117277101
0.03336271065384595
0.02628032446924303
0.03754332134210225
0.03366572745064936
0.02880718001424631
0.03980824637260518
0.04458975550462442
0.03741492378686283
0.03183221651801169
0.02331178300162114
0.03488806849603714
0.03406119054314424
0.03973634410768684
0.03076908824794582
0.03797987147943297
