0.005435117018013752
0.005501623488941738
0.005507549241456233
0.005994032527472349
0.005343418972481483
0.005771060566320777
0.006005330543694235
0.00589243451172397
0.005853591800413545
0.00596822585714013
0.005517563363121728
0.005531311771183844
0.005553339547187874
0.006022289415544316
0.005722135522209849
0.005565286032466125
0.005542957316636401
0.005837312882451681
0.006062057607948875
0.005788765180703349
0.005621204134423991
0.005861386483376844
0.005345200908009246
0.005659785842508441
0.006155838704749486
0.00626132903962305
0.00551028832040164
0.005532375942325087
0.005467253152838734
0.00590774409573745
0.005765194163232731
0.005830211178869218
0.006285070365013665
0.005789157807932547
0.005814378595100781
0.005768923302184831
0.006067329525876864
0.006110587139400297
0.005788566196082487
0.006158096411419445
0.005950265153965244
0.005983364973762617
0.00663446160340378
0.005783885181456646
0.006200717033512833
0.005569973557611501
0.005752484688248407
0.006121905876616152
0.005844570040619395
0.006525463403002336
0.005728735818508647
0.005616744915020734
0.005894689004848887
0.00605641952915744
0.005624298144885984
0.005980123681935698
0.006484859252369253
0.005717684229296812
0.00610326315173288
0.006134608728663098
0.006513965786600907
0.006257988404654315
0.004868285644929137
0.005072633748237679
0.004621203333811032
0.004442537081962369
0.004435562706098379
0.003927896502156134
0.003758536542784884
0.004344409339195762
0.004149483742104674
0.004098396960090028
0.003636802279961856
0.004340835841120899
0.004201600021248293
0.004258321152792175
0.004722830541118953
0.004371258541228535
0.004349047987762233
0.004293545839419675
0.004398234264383508
0.004290281367043158
0.005274779449139214
0.004248627755816161
0.004674007890971763
0.00430863014817716
0.004648903322696509
0.005172864154789784
0.005029431253123235
0.004728412231070101
0.004934063066995401
0.00452507858630477
0.004124865266661665
0.004862177130117333
0.004613105015683453
0.005194661274848857
0.004721392700964335
0.005199108973588458
0.004709402074992495
0.005017545463821739
0.006356518734249586
0.005862353701286785
0.004965876934448974
0.004791222409620023
0.00534673054489973
0.005230576526177807
0.005794013577927887
0.005602907656938575
0.005602346548591628
0.005581644999464854
0.005428795983749143
0.005354490743298745
0.005998006833763191
0.00624280366025342
0.005228671878643392
0.005850675852292246
0.005166987239797713
0.005411938190516759
0.005752745877073072
0.005726986408273537
0.006354909662920166
0.006992498250042051
0.008821482066983329
0.008477167257474912
0.007862732920377046
0.008196761913613517
0.006758531672618483
0.007240322029478777
0.007030831362992359
0.006714991312937892
0.006966791090943504
0.006224678272710563
0.006547102712338309
0.006450606259891302
0.006480833232099862
0.006213773241131184
0.006018885711943997
0.00635920846002804
0.006351092317881644
0.005800499633798613
0.005924025415634557
0.006184031354827856
0.006717864570132517
0.00626103381935001
0.005787746787194727
0.005862854976057295
0.005636807390570163
0.005938408047698005
0.005374741482819048
0.006281833767712308
0.005814397688079221
0.004899741378231122
0.00531541590479795
0.005241875503639908
0.005743252466079761
0.00568540933000785
0.005410643504963124
0.005414097205975644
0.005498512175034279
0.00583302788093738
0.005465817066142432
0.00542991440162425
0.005428796995359247
0.005502941452185581
0.005694258557458851
0.005377714469738548
0.005170527740739404
0.006312625046174305
0.005465851466649784
0.005733367915324384
0.005773242903325835
0.005925186845589773
0.005244088245803669
0.005694183043896426
0.005178871896350063
0.005811692030779825
0.005522848379062728
0.006058245391126271
0.005671478104170955
0.006140784638354582
0.005885145622486377
0.006091319217504693
0.005474088620008149
