0.04388486964066479
0.03947495974584153
0.03802763148657412
0.03196661901577434
0.04321084325070495
0.03483514956434999
0.03271379517371122
0.03421337420924884
0.04455367060390315
0.0380746569654171
0.06357793707133891
0.04225989148311656
0.04051996195393891
0.03937046000342048
0.04368109390171903
0.0356920519257833
0.03338782130508258
0.03582790164264836
0.03870688446690359
0.03819483182435439
0.03307432117275975
0.03765143114677479
0.0371132553787397
0.0294220382893163
0.0378708817436483
0.04095363836743568
0.0461368494850953
0.03845085730521643
0.04892700509756093
0.05002948337935574
0.05156041083780648
0.04240619166554184
0.04885385507099541
0.04338326811014701
0.05372879135375944
0.06744967081024435
0.04314814291393421
0.03141799239429631
0.03817393205688212
0.05467451756533211
0.05295548948445186
0.04537922273230398
0.04035798652570315
0.02806876034126364
0.04278761691488568
0.04613685000227227
0.04057221195444367
0.06703166886679263
0.04265699197827089
0.05688469735764112
0.06090795554204514
0.05577699494206724
0.06114830694074486
0.07311880795402279
0.05621589561863732
0.0605578805257338
0.04511274730305868
0.07253883174598347
0.0880675650729016
0.1399728266639461
0.190561385449515
1.040106425057781
1.215687709232214
1.101677963376821
0.9098364437996953
0.8073321686908118
0.7736308475119948
0.7042688217959538
0.8448216258315875
0.8867105435652743
0.8891349474933815
0.9183636618022546
0.8070447953042136
0.8082204221903373
0.8429040456283635
0.8402497437408845
0.9404863570362265
1.009790911721046
0.8100752997294941
0.8317225243160885
0.8261056380778745
0.900353047439178
0.8661553469242088
0.897238939935887
0.8304214968857175
0.8098558506841514
0.7467847431559366
0.8595979567980818
0.8205880233108868
0.8481342851986337
0.795993895566903
0.6933903478231451
0.7325413611085192
0.7839293432080565
0.8182001946546509
0.8978189152388666
0.7668017566591954
0.7122526379572854
0.7681289099302313
0.7975979736983906
0.7495278678592011
0.8259802337840942
0.8189264719501752
0.7443707852973855
0.7946510695066473
0.7242283664659926
0.768928334537142
0.7964066732472815
0.785052724748268
0.7043367487230943
0.7433989332451479
0.7057997514524067
0.7311515045269451
0.7707884407353763
0.8026819089488197
0.681675872161435
0.6086720155790416
0.7328548599478997
0.6878309370121574
0.7213023604901907
0.6533772139900935
0.4077755543777069
0.3739227056503296
0.2378529642512638
0.1761560288789215
0.1343193642488012
0.1304842056524728
0.1085234835194404
0.09515268011362071
0.07333825816301358
0.07624858928088769
0.08735173837223177
0.06608071748708697
0.05035343307217911
0.05022803304510882
0.05710937312264763
0.04084391281041044
0.0514559109660912
0.04399981971935181
0.05960692888743965
0.04635107491383583
0.04146568894127703
0.03666390384872668
0.03667957870665445
0.05672272192940536
0.04325786782448825
0.04454322117269686
0.03556142673058003
0.04825297922477805
0.03967873574337576
0.05152906099265672
0.04785587808315252
0.02120832054837407
0.04314814368969965
0.03967873496761033
0.02953176371704731
0.0377925065489498
0.04022213719672081
0.03702965553308516
0.04626224977075407
0.03742675538176828
0.03441192426288464
0.04215016540891436
0.03312657091467603
0.04059311275626987
0.03048271535534145
0.03603690280831558
0.03763053060353708
0.03276604543280447
0.0306499159517102
0.04475744686002586
0.03514865047243826
0.03435444909424689
0.04566137314877127
0.03022146548211187
0.03671615436640841
0.04798127785163433
0.04048338758712736
0.03850833299103115
0.04318471805651121
0.04706167592919571
0.02660575722406847
0.04282419283322812
