0.008055434331501261
0.007787835106725651
0.007792741286918004
0.005930402568258548
0.008832481551209651
0.007489128759421359
0.008079732895524674
0.008029058316589024
0.009655589734122888
0.00829723149193741
0.007235320213802695
0.008661919443463935
0.00774476472725187
0.00712956639122557
0.009387858623797816
0.005574492352880908
0.009378699915526997
0.005928533762578608
0.008958831895388309
0.007837149190458539
0.009614067949888791
0.007977775063666351
0.007817567798410852
0.00764508690641004
0.008960848825328506
0.007918048262245955
0.008445748225973186
0.007440103579326053
0.007246094897169937
0.007370920023070259
0.008796716742369336
0.00885926131404262
0.01097385321395276
0.008363624740930954
0.008532114278461437
0.00681586950879701
0.005977141369372835
0.006283436640292162
0.008778266815481366
0.01047406223374418
0.01141238284450027
0.01000554309251171
0.01128565923261088
0.01044297205382247
0.007417100917610886
0.01007871918062817
0.009051670174782828
0.01127446928491554
0.00928819178079404
0.01155605586162285
0.00993033248923781
0.009381150907239082
0.01269238248045226
0.01128255646952155
0.01115946728281694
0.01091553757381318
0.01149742427328791
0.01457989093539008
0.0136657073781335
0.02045242177105369
0.02664790604462699
0.07756877137624943
0.07552628779666208
0.06265267468863772
0.06081925896558681
0.05363809349315438
0.04718061576138256
0.04338716044288964
0.04875631498040296
0.04337854331544733
0.04650959623140264
0.05050369107261182
0.04419051340195195
0.0440097072537069
0.04246949804855661
0.04264542527828025
0.04410288697303183
0.04616304524728955
0.03694813627354911
0.04029925058240182
0.04166665325799629
0.04066266010511995
0.04216064641526034
0.03942213593799185
0.03904784339600122
0.03918396674664928
0.03722130654728387
0.03876832281043182
0.03897345998522987
0.03974587698746201
0.03636976401714534
0.03718383246157724
0.03394965809444935
0.03255881276432544
0.03758054217602783
0.03978492495593291
0.0341600255389064
0.03381556666337537
0.03630089394777331
0.03490928032536469
0.03561698295632012
0.03404185418965585
0.03466306024916693
0.03405237770035948
0.03458815710716174
0.03058743575508062
0.03352641669896329
0.03642488426838074
0.03053231986184763
0.0231028651442413
0.02577587248607334
0.02885694353354495
0.02730418444529924
0.02910429134629243
0.02703006678350605
0.02248114856208877
0.02156088761351808
0.02319505063599135
0.02124234701896758
0.02212082818628923
0.02005046441446098
0.01709311293210928
0.02261110175799054
0.01623997669899671
0.01268858331694506
0.01030809793131253
0.0097988038871232
0.007680677837345829
0.00881892468912189
0.007646031549416968
0.01099383696541388
0.00869612646315922
0.005909983811290992
0.007215364123089413
0.007400672976778355
0.01030717830196454
0.006284102730386386
0.01069917352174764
0.008059461080379181
0.005775050834169367
0.007680160539360395
0.009510996736743502
0.007782096096805463
0.006705128566316251
0.008159459671074362
0.005315180172405069
0.007948213526342653
0.006766618391306616
0.009285772964998057
0.006078583363062212
0.009352662953722713
0.006593494421018039
0.005679910966914904
0.006291788901840786
0.00574578818915527
0.006616567721969775
0.007905736339134417
0.005630852807296553
0.00481220468936105
0.006071598432258785
0.005456334608805067
0.00543297055389733
0.005796240142295043
0.009892988043631768
0.009789530558959335
0.007220314921902038
0.005133223447699808
0.006664325198208198
0.005591602701957995
0.005811187718890129
0.005791088061227193
0.006902167635111917
0.007573818173557584
0.006751345570830275
0.007593265931698149
0.006506067377469893
0.007602796159735886
0.006662055496065178
0.007443788648200929
0.006567759051884566
0.005305100973448162
0.006855274726286168
0.004379123025085246
