0.007880524630433844
0.008492959933814282
0.00657530281147307
0.007302651845634306
0.006824160596093433
0.006247782870015045
0.005904571778298795
0.0076277857104356
0.008465428116362111
0.008213174651601885
0.009539569496016727
0.007811815344960916
0.005668541380994863
0.007556140328554941
0.007383728502103062
0.00688234303837386
0.005957455391039732
0.007046384404908151
0.007117236902213669
0.007434190048573262
0.008047264665584959
0.008024364655109431
0.006954186942115171
0.006783780777417749
0.007974878386764691
0.006287026401286445
0.009334184823069561
0.007475556234028414
0.007886982361566054
0.007145429939600659
0.009469837372532109
0.0098057169579012
0.009513924132567375
0.007021624479857493
0.01202038883539271
0.006391719769137349
0.008544262414548792
0.008057053407343575
0.007829879142624412
0.01047097501400198
0.009151161022420109
0.009182482361694983
0.008074252353509365
0.0106748898224683
0.009382719846152231
0.007735124501930972
0.01070469021027066
0.01006686647697739
0.005500183747035805
0.009398253393344366
0.008767653344837272
0.008942640269242302
0.01155194407509196
0.01187111151354133
0.01195424792871255
0.009859811250396911
0.01165009618494546
0.009512756884729518
0.008919492922011326
0.01280076120377268
0.01574641002213646
0.04703010492279604
0.05317062060467877
0.04453140828162729
0.04632035836065411
0.04073135475858884
0.03706845764480519
0.03811567160140315
0.035469499662397
0.03690671112375957
0.04158379558304529
0.03669656359329924
0.03508758835165717
0.03391373671526068
0.03462861196248986
0.03467969852719245
0.0342516022173185
0.03572074807522149
0.02977520094280354
0.03073559951333348
0.03428614707987161
0.02913044379744364
0.03243229697196194
0.03118707575033687
0.02949123911320388
0.02612939879298684
0.03109084867002101
0.0303316812679013
0.03073274972450811
0.0313943052355616
0.02755745271717116
0.0282058082113909
0.02725290672287146
0.02734107105844357
0.02642238990405802
0.03239737266002558
0.02194626634975827
0.02259742796905322
0.02898794007522094
0.02791313271074113
0.02754923882153411
0.0264704797829048
0.02560939492981972
0.0245893656111453
0.02665405016536228
0.02667387791477407
0.02574786672218746
0.03029108458198593
0.02388304429831217
0.01928188246908652
0.01987381703066889
0.02018557716333409
0.02035907684174557
0.02274596383462603
0.02158362182686061
0.01823092077998771
0.01791152826819503
0.01801590505513933
0.01866990195651579
0.0171936608420238
0.0170876894928762
0.01324848038663038
0.01602333156032556
0.01294289381225826
0.01283215704094466
0.009968579129667855
0.008031992146950932
0.01016005483252224
0.009827568028947804
0.007305153101262881
0.007214582530393862
0.009920213419324494
0.007534553330917324
0.007372915497239824
0.007029469978087535
0.01086938994906831
0.007778301047224573
0.007193023777767439
0.007336639783280506
0.006767203543490735
0.007902774647641601
0.005877806217087149
0.006588553707736241
0.008281019604448301
0.008688978529222669
0.005978991588877142
0.00733610273034422
0.007017469343002938
0.009671546439648732
0.006435102829015086
0.01065483418508094
0.009560707283977144
0.008148313427476621
0.008547288826112212
0.00594229523891513
0.007404428522536477
0.007559969649072404
0.006866353801275754
0.008604506792736491
0.00720173854085208
0.006758392659022074
0.007614658984995915
0.007425003682806188
0.007090074073956503
0.009555478223703288
0.006774614723966901
0.005881130367442654
0.01003368222439684
0.005251151204591444
0.007902765498462892
0.008011536961367244
0.007696616868947482
0.009565302925304173
0.007781669796525406
0.00840216947529223
0.008157960128213302
0.007521087598624873
0.007946331262678338
0.006657356718894141
0.006272886910667799
0.006500736660362749
0.006586912401609178
0.006171034139405847
