0.007980416590733102
0.009645138183930032
0.009016998557485957
0.007778830170661699
0.008026338537472465
0.008533121743729877
0.008205323176966338
0.008282449915971449
0.009612953476699956
0.008772844225653928
0.006352514358745164
0.008011805081758751
0.007677849619700881
0.009089930265249754
0.009727453441194073
0.008555485066204467
0.007997473266492217
0.009383818111632754
0.007618111386557445
0.009034510139714723
0.009442876516672109
0.006866931126641893
0.008608714892180059
0.008411583718498747
0.009193037618737784
0.007905980234952342
0.009727551540963253
0.00996558266805655
0.009356857948521407
0.008528777696149417
0.0101309433348014
0.008535974745429347
0.006957629815978351
0.00824899396874744
0.00691679400753733
0.01025507981418828
0.009541569749026587
0.007888800980549775
0.008826245527055647
0.00760411192813375
0.008960091496186593
0.01041417953089624
0.01040797289965951
0.007660296511628475
0.009001225787414493
0.007440640873265392
0.007936606853817465
0.00819610217814681
0.009320460801012008
0.007959162105205437
0.008460933693479977
0.01016897869066279
0.007993950045048123
0.00953551304321127
0.01208937926302692
0.007805930222235894
0.009835845791687474
0.01112918397685169
0.01245599528401384
0.01047202677524929
0.01559901116971198
0.05642613401840341
0.05756341810983905
0.04132358492988435
0.03893106876124366
0.04122827963484969
0.04424352413382261
0.03757651097076155
0.04146143671099664
0.03673654984895312
0.04041844573731326
0.04452213018251363
0.0467820139764186
0.04328655398199398
0.04340385123020657
0.0429402617118533
0.04013935488554217
0.04372598846464137
0.04718231092167966
0.04510250111002622
0.0448671726052932
0.04364053050989439
0.04419375622987765
0.04898308235100506
0.04867350562573629
0.04959426150474007
0.04757537004475249
0.04573651624596208
0.04706564132939194
0.04633812480719267
0.04858033829382631
0.05120295495950829
0.04909353831810907
0.04611065151623998
0.04670652349814566
0.04935453979156086
0.0516421179572646
0.05122921085159431
0.04901303076235455
0.04865702762154495
0.04985711911432226
0.04854709243898745
0.05343281163313723
0.0507417346336469
0.05027694265890658
0.04866282498673375
0.05079418609843249
0.05292729213843663
0.05370201095225607
0.05292849044008784
0.05204745221925784
0.04853069196887587
0.05235303923618094
0.05549196258553721
0.0560159571554542
0.05288401968790219
0.05248073242842009
0.05549810492120597
0.04871971997793198
0.05226558304704717
0.05199376367022082
0.04816264956570342
0.03667899594598104
0.0331527633565587
0.02491235660967077
0.02278748769709988
0.01928810260419516
0.01817064477311138
0.01796211284044352
0.01601817896938496
0.01374617104351795
0.01426810541927685
0.0161163641613348
0.01214429058909952
0.01243247410862307
0.01337135435550224
0.01258508889164085
0.01232989938310754
0.00802041453639377
0.006896579387827968
0.008941855442987387
0.01008307089492634
0.006742168840629902
0.01033858750951112
0.008463773139672835
0.008482490107893346
0.006635957168640265
0.006582127608623587
0.00453075426576442
0.007611537936879037
0.009624112978146616
0.007522343911415341
0.007051727768642137
0.008856872926246335
0.006903165419564788
0.007135049042870685
0.007505412505600117
0.007687980585539361
0.007738030206896227
0.005346860671585026
0.004099011802404955
0.00907436542816086
0.004667080114440144
0.009054473550441143
0.00970275367259049
0.008161240667245872
0.007213959410254976
0.006443433727019936
0.008075769917714923
0.007988402603084921
0.007229887089919186
0.007671806284296
0.006489979739118764
0.009234181898999274
0.008596615507941861
0.008112774638410244
0.007302627127723701
0.006015199210267386
0.008192786641539652
0.006042046102731799
0.009116696613595142
0.007897008539135431
0.008446614665519114
