0.08293993789780589
0.0805866389095035
0.07840971118735469
0.09612748463283523
0.0991963468585553
0.07709952278616039
0.0745748907452348
0.07305305759777085
0.09308885580326225
0.07524006411620264
0.0813425163344858
0.07199986808968388
0.09685312654183999
0.06623000218279691
0.09204574396919506
0.07314376264935259
0.07102226662336533
0.07501833945138683
0.07617735201843613
0.0779007532357172
0.08760118422149116
0.07632852648092613
0.07570366854448199
0.0861801345478042
0.06010235390902563
0.08027924803011587
0.09664651926092523
0.07500322144400624
0.0704175645337444
0.09237328994723044
0.0821941383962352
0.09033746100868641
0.0754315533897368
0.1004712612808499
0.06542877123445646
0.09112357407434216
0.08898695904340705
0.06814489192543668
0.07063928832568883
0.09884864266447442
0.08503623687073776
0.09486264775986451
0.09756869027804131
0.09076075149879297
0.09002503104289705
0.1048855862607517
0.1164303577844069
0.1148329360963909
0.07902953153374803
0.1291442191750435
0.1006022802706044
0.1171560000674994
0.1196705536862298
0.1252690884109322
0.1223110858366579
0.1324398470224197
0.1523647815861961
0.1728289109892426
0.2252817809831149
0.380256861448288
0.6532597182684863
1.98944987624759
2.235684588863261
1.8064569266022
1.583362155504306
1.558745738602084
1.336381647751421
1.338780294402374
1.336018826921615
1.413823836642828
1.414267276994354
1.552759190483572
1.356120134996071
1.414811510545938
1.429888754334909
1.409036606799609
1.518311322857645
1.496647869817383
1.413430777304342
1.3097545962204
1.358181159740711
1.296168954053184
1.413324951127982
1.45845590014338
1.307129176216644
1.380358611814148
1.319661630621515
1.316008226143266
1.360927513578447
1.388008095604605
1.281162257349142
1.286201447871938
1.228583415931239
1.293069857683142
1.339914111786807
1.415648026571114
1.304140945732843
1.288262473988234
1.273653878202997
1.311891210752551
1.277559247351092
1.32949308284157
1.349624622067647
1.219669098509904
1.296854286637765
1.242703211357404
1.312692439082277
1.345044004991962
1.276707621548465
1.267546387023008
1.192512928317282
1.239044761557958
1.241130982108695
1.316628045242701
1.313266905780617
1.15396820763165
1.111054511748597
1.188637791068983
1.127129513598885
1.166596403805282
1.090091508302728
0.8073579807411178
0.6829959485820147
0.4867499468216836
0.3852809300981306
0.3439696937425366
0.3014288991066202
0.2824009386316004
0.2202577154506699
0.2167857159630524
0.1613698043085042
0.1900125288065507
0.1632393420241368
0.1542796722017073
0.1201391986972617
0.1246946213385051
0.1269219395505833
0.09477194258358689
0.1080249978159262
0.09213645014303998
0.08349928658876458
0.08558047079640951
0.1054398964887882
0.09343151891580685
0.09435872989219601
0.07304801863606505
0.08360511002181464
0.07721038493152443
0.0996549129486084
0.06164434377618415
0.09807260989145256
0.08920868333413511
0.08496064995123252
0.07868182833723443
0.09286713238540553
0.08371093357956061
0.08984362118912541
0.09542199707430277
0.07677701477226354
0.08740969382569382
0.06106987720254076
0.06526247888928179
0.09018124621283559
0.09751325957944702
0.07253906080912347
0.06836157712976304
0.06806426454787474
0.08972772095492694
0.0615637163986222
0.0733352512994072
0.06468297198227758
0.06745452461881118
0.09006030452301313
0.09438392594768412
0.07812247827462072
0.06855810499091528
0.08299032926060665
0.08658830827748926
0.05873169472526805
0.07476638014346486
0.07797634077870197
0.06614937480523496
0.09099255471049991
