0.0272989419940518
0.028388605820827
0.03238550980367286
0.02555195091121691
0.03087674460063379
0.03092086045214764
0.02384025249302715
0.03881320176884915
0.02909004901123026
0.03411926594054526
0.0370220947516707
0.03133996191124122
0.03118555614103874
0.04506442999665118
0.0307532199844718
0.03226639669811552
0.03634712079055472
0.02759893059607719
0.028887115961739
0.03604713251984819
0.03632506282338294
0.04074106818249266
0.03121643737790895
0.03370016456428138
0.04097488271734327
0.03680592659055751
0.04458356656079546
0.04449092293301455
0.03546039051024906
0.03119879100417152
0.0381911671774346
0.03721179326934802
0.04699229682444327
0.04024696980067444
0.03779412351985337
0.04579234291332001
0.04757903850272353
0.041918963877955
0.04201160717441705
0.04398358960523384
0.04146456967138656
0.04601292258503783
0.03785588574510464
0.04783049924565214
0.05036275420829164
0.0249828552753552
0.03106203152487676
0.03433543410165844
0.05769482299317044
0.03476777025822537
0.03036499976224843
0.04370124770826474
0.0497583659077848
0.04067489436380702
0.05986091536943949
0.05081273649010686
0.04918927002343395
0.06831352905230427
0.1177189674025109
0.1507441580056763
0.291628404602736
0.9250891500730548
0.9848662439247957
0.784403424932052
0.6700681501906708
0.6803030485321425
0.5453303382967365
0.528323644199187
0.587112542612567
0.5350910292729573
0.6033163267050635
0.6018605002090882
0.5718440164938134
0.6439382800425749
0.6548790334163733
0.6101807666687303
0.6519982624895899
0.6358562420304498
0.5967783436615827
0.6776428578568849
0.6397163853743848
0.5896933254343032
0.695483341622593
0.6770031777200302
0.6201994956894729
0.6051603720151572
0.5978459491070376
0.6440265130708781
0.5885992510080503
0.5984768084590854
0.6526732371133437
0.6495321823395926
0.6453191102784633
0.6745282718154429
0.6132688828182473
0.626644834773854
0.6655153842754801
0.7017478038024009
0.6618802337704617
0.652337956177992
0.6586244761593123
0.6629654849270162
0.691548200279147
0.6900482593397629
0.7110783262352969
0.7139767427903503
0.6016046271272578
0.6794736686351646
0.6861616446957977
0.6665344618618381
0.6645404237002518
0.6781281309810916
0.6509438922385867
0.6407442850708254
0.7184236281438845
0.6659212521967163
0.6739900568366435
0.6517203318547363
0.6187789605328671
0.6724680575159391
0.582414193948383
0.5673794836069257
0.4431092977179932
0.4251497001840902
0.3605904376414015
0.2624280656728171
0.2165254322610004
0.1590291314693544
0.1847398993300595
0.1323301656853967
0.1233349262585953
0.1093104696539896
0.1006549232529524
0.07764846183618894
0.05653457383710496
0.0723016097654517
0.07628527888516477
0.07277365009726842
0.07599852539476132
0.03465748058802589
0.05197739765375527
0.0525156123012359
0.06490777941795935
0.05367586104315281
0.05865213885125552
0.04274393185017966
0.03993374666683513
0.03269873277185274
0.02773127815061874
0.04335714333755521
0.03826616426581866
0.02953562019658941
0.04296009984563341
0.04860694010424746
0.03147672139053598
0.03128702303851809
0.0286709477177961
0.02287852520716715
0.02609898882839597
0.03219139944407202
0.03083262858346051
0.03858379891026261
0.02479315684050759
0.02364614246474518
0.03024588673952081
0.02428141208495195
0.01914190531977804
0.0279209768339555
0.03910436693551668
0.0261960438011221
0.03403544574812219
0.01926542993594002
0.0217359224248391
0.02876359117991759
0.03388545165418379
0.02542401478445028
0.02357114545919084
0.02065508203342175
0.02324909913848281
0.02502255986475355
0.02365055414100925
0.02988854758850821
0.02920475077184238
