0.04288464161887098
0.0318270807327238
0.03258205565816558
0.0362542140712616
0.05135371690111628
0.04065566733956083
0.03806718122730377
0.02835522213978554
0.0563971555309255
0.03679348194777076
0.04719878564765458
0.03799014343127513
0.03585875047041155
0.03104129033302193
0.04426619467704789
0.0266192930339496
0.03790283266669398
0.0352064930299706
0.03632098118633604
0.04240186827015013
0.04291545709313106
0.03910976648330688
0.03424608288034955
0.03437961558543288
0.02401026339927462
0.03584847928110216
0.05271986171380797
0.03452342036944717
0.04712174683491559
0.04529337257718735
0.03547869524213551
0.0363415238191324
0.040326970980874
0.04264325500805495
0.03458505169923372
0.05725998448918877
0.03623367029466609
0.02669119555304554
0.03757413630800715
0.05478448819504109
0.04260216834448548
0.04800511906141919
0.04552448647362845
0.0256486108053976
0.04687522431172288
0.03533489058521002
0.04423024341749993
0.05639715578510309
0.04144145824761787
0.05032653912806562
0.05262228014118382
0.06224179318718819
0.05823580351973902
0.06741876579296868
0.05478448743250833
0.04645921769681007
0.04067621111615635
0.06964260390572456
0.08079261083338561
0.1181048166268924
0.1767566263802778
1.020012501587491
1.232134841144212
1.133756958726627
0.9029656773182884
0.8581807546015742
0.8145051888311341
0.7493770243262431
0.8121786306916016
0.8425830710671349
0.9035306225961713
0.9585975872428179
0.8309811062650132
0.8068270363024811
0.7970226299025611
0.8583861917320853
0.9335190545775489
0.9709956132526845
0.7992156545744776
0.7563104715936982
0.7590530324083909
0.8358396528117946
0.820539850288871
0.8954724194144389
0.7693761630353134
0.8034065396292631
0.7240262983450249
0.7927084852383335
0.8205141705998988
0.8436513360121103
0.7656218286262138
0.6742749714902215
0.70872649594919
0.7449396182733304
0.8131236314519382
0.8331792631637313
0.7436145613950961
0.7151052609943886
0.7524071972507403
0.7718773373662789
0.7615490696831807
0.7980857560121174
0.7822569606146579
0.7176680680531174
0.7629614426637255
0.6795187142612075
0.7342723825338807
0.7859393905983296
0.7307286253615991
0.7030616107780033
0.6940584036587144
0.6734994560924928
0.7049927002331341
0.7497981664722663
0.7880605116073511
0.6146422075564419
0.6126186700263766
0.687320121824106
0.6483233440151093
0.657393320537071
0.6378666833519682
0.3729577162372532
0.3176236879596832
0.2471952947980559
0.1711944627609334
0.137374658955694
0.1172625320806686
0.1008533785846442
0.07884611020972734
0.07532802929502053
0.06655080117650632
0.07676607713516333
0.05564731715330437
0.0688927640030379
0.04351121975160611
0.05299720009252715
0.04768155874219784
0.04342904553484561
0.04064025985660838
0.0560016929467858
0.03998286637670196
0.04388613932168306
0.03495997076095549
0.03781552291882317
0.04685981708294801
0.04643867417439215
0.03346542839302437
0.03266936591439155
0.04178556208925715
0.03726084730518398
0.05086580700457478
0.03686538395851151
0.02163748509848296
0.04254053752305411
0.03391225022801966
0.03310591605172229
0.0225208565624538
0.0406864830679985
0.02953134048213837
0.03806718122730377
0.02618274289661887
0.02889962605576017
0.02449817253328336
0.02903829480030897
0.04307980514538567
0.02821655339523673
0.03069718598302748
0.02309607569851092
0.02771323652409795
0.02766187803577513
0.03148811216801722
0.03021441238012904
0.02618787868190676
0.04222211273494306
0.03033767415008057
0.03358868990879831
0.04187287209130554
0.04159039881692004
0.03249474591029478
0.03006033627971657
0.04357798597705898
0.02744617073266491
0.03907381522375892
