0.007029000118371368
0.008274312879750943
0.008353847054596691
0.007478083517343623
0.007815279984413127
0.006253950984355462
0.005872180088019875
0.00888909964590933
0.00791844755897159
0.006844216436937698
0.007792578039570388
0.008670409588085213
0.00678982149585547
0.008441418428376314
0.00729895589687068
0.006942797266562016
0.006833359510982869
0.008630385459214877
0.008330768960583273
0.008501086174558459
0.008105581969818722
0.007076239147897343
0.007782775675065877
0.007351142654749503
0.006975255102556135
0.006143213568306786
0.007006844177888208
0.007987300296136552
0.007557895683014389
0.007838784322693641
0.007408119544497858
0.006798563826473413
0.007944010298479406
0.006959241444467313
0.007863690637241644
0.008225554647076369
0.008392099543847677
0.007387796660528994
0.008337015392340325
0.009283987280670022
0.008543596780085946
0.007065825990033938
0.009050076892852265
0.008090498888174541
0.007127049557452795
0.00759678839981855
0.007815848161310457
0.007656605827506056
0.00847699994880878
0.007453056255690302
0.008293832720014629
0.009317680049672473
0.009619221669921182
0.008578683490575051
0.00893634168967497
0.008583072654494402
0.01049199718035545
0.009804758112903345
0.01167937380264999
0.01455245139439435
0.02226787453157314
0.06568125401739221
0.0624741523803892
0.05072175708615775
0.05007237941065979
0.04641239950143693
0.04387078122756773
0.04286571292598725
0.04088446443733953
0.04319557329566941
0.04536488433328092
0.04463152053058089
0.04574350513432886
0.0427260217175358
0.04336050019518137
0.04308786880463211
0.04404766370471609
0.04786062772466907
0.04672459858945729
0.04545616377871893
0.04243878945549647
0.04666771700692131
0.0434439370582114
0.04506595803700011
0.04407864539548276
0.04614317306763474
0.04388506468012644
0.04265763644344313
0.04532607209863695
0.04496930775712667
0.04612962035856232
0.04570709758131393
0.04305990700249433
0.0438692873694703
0.0459551901068489
0.04593436609135929
0.04598907639273771
0.04705057307496661
0.04430791037999281
0.04529613529846666
0.04516194765017053
0.04602836865310727
0.04721619802166451
0.04494656747734713
0.04440920706187132
0.04307914896934718
0.04633527769149019
0.0457483613374525
0.04734979274507359
0.0468824075257994
0.04516778374097918
0.04544865658133005
0.04239791465648441
0.0469782744250324
0.04707009564597296
0.04664258221045111
0.04240215356173474
0.04282722726694611
0.04568831166925062
0.04496579569219933
0.04638728480597155
0.04594972643533438
0.04731721608597222
0.03691515245738351
0.03267858605158516
0.02887256496175234
0.02795300027060006
0.02571603988850262
0.02749739037871466
0.0222490306393718
0.02353763363417803
0.02048520684318324
0.02077414553801855
0.02030223837139579
0.01853461627898872
0.01819041035708442
0.01708452466460065
0.01684948942947761
0.01623787498152021
0.01505100863100844
0.01501834585782981
0.01381355312525433
0.01293387769538717
0.01345405190401515
0.01217853983319077
0.01241996827564853
0.01369099573264856
0.01055125445001287
0.01194130609716072
0.01154490992574959
0.01029234172678044
0.01188741386286393
0.009310671646764595
0.01104639655900655
0.00756002415287186
0.009622938183851541
0.008487257814566645
0.009042887582638654
0.01055313619896892
0.007852636488864514
0.009493470438847221
0.006823923402960486
0.009439884860949472
0.008455789703245599
0.007635093924512498
0.007709477183151168
0.00850326421596026
0.008114802103107624
0.007612158651760442
0.005815335496362773
0.007776554795458103
0.008112272942833242
0.007671300185296146
0.007742035328430647
0.007831056803545705
0.007745609583884294
0.008426604713973133
0.006895175667656106
0.005614485495309564
0.005599258889413501
0.00680394902622674
0.007328745212956255
0.007233391645728847
