0.008333937996935263
0.007565664570318023
0.006008514098358112
0.007044713149499609
0.007348075611504859
0.006398419440856322
0.006170840767611907
0.007764246060625432
0.00798619151011735
0.007678707542338443
0.008154112139964649
0.006174581708871502
0.005847562775655568
0.007370406426174049
0.006460960128262928
0.00678060271717651
0.00605975873081357
0.006429936691379025
0.00631472239557415
0.007761212431908118
0.008173997423743735
0.007985934466662176
0.006545960355613625
0.005875421406575022
0.007796767257487845
0.006128253831425395
0.006568722755974142
0.007421435472872129
0.006475974939750215
0.006470814444539226
0.006820335754611245
0.009459337586717851
0.007552440981646522
0.006962099121965501
0.006475727006764616
0.004992654884805613
0.006612312956341983
0.006263901795677887
0.00756527805926778
0.009028703435471849
0.007273698534078967
0.008429979843999236
0.008170801798712315
0.008193395189191998
0.006466642268023299
0.008551449980366079
0.01126946821437293
0.007084095507194793
0.005788715516093646
0.008316923973267562
0.005466431549484326
0.008780025135834795
0.009149593429491822
0.01115891947246428
0.009181970748442007
0.007771972404203693
0.01036674112004249
0.008707506056870585
0.007755977563503723
0.01296655453642427
0.01488748243735274
0.04886614119139988
0.0530222086366382
0.04589432367856076
0.04542735988148577
0.03728366257424046
0.03772429460646292
0.03851807301600064
0.03455124099516808
0.03709010941132929
0.04293213397440038
0.03782881964814364
0.03501958493381848
0.03612566688403899
0.03785193350369291
0.03670822653439135
0.03462275781143521
0.0392894248806481
0.03571523477270941
0.03428557830543403
0.03667000246495668
0.03435195306975077
0.03528972965155777
0.03356091124694329
0.03005686598858959
0.03005164865267928
0.03543158393833853
0.03306963826044538
0.03309088057713218
0.03368666418828888
0.02963038892595042
0.03125841391404465
0.03111345343280437
0.02939355803203895
0.02944189445785086
0.03132340203543834
0.02517941687712423
0.02615626936403146
0.03278343109793841
0.03036040996938295
0.02937140802354955
0.02889310987997767
0.02738762330882375
0.02657733606138816
0.02837338455309776
0.02864113864769027
0.0290323275509691
0.02996663428000036
0.02663874313135222
0.02134780647761697
0.02153246206168177
0.02292753012430615
0.02084183792705953
0.0223852814917966
0.02656366721157524
0.01882254795685314
0.01978923970834485
0.02156914244099434
0.02027034442508099
0.01874061489529359
0.01871588625265377
0.01352774792887676
0.01469340797919573
0.01472608037837685
0.01236616336529989
0.01011956253403475
0.009283735296024777
0.01040334510237991
0.01009823896102806
0.008326020275932705
0.007642385438100784
0.007658195805294339
0.008068926456680607
0.007154673779841515
0.005830646889648937
0.01079353597250346
0.00742436370175561
0.008841967543899513
0.006720564435889287
0.007125595482503725
0.007043619323777574
0.007534354153276646
0.006285139377892371
0.007488846030726339
0.006357049794725957
0.006105841684510531
0.00658583621908332
0.005967130050456231
0.008381293236507202
0.006023267490658298
0.009622302078272412
0.006434077978707931
0.007496698307149955
0.006735566512523656
0.005147151015581061
0.007208657836715409
0.006245461190491386
0.005419931113679469
0.005972504000107854
0.006608711227950652
0.006584960667970149
0.006247563892785617
0.004605237275226034
0.005815238196062457
0.008061265718694921
0.007172642128439862
0.005262305954549399
0.007413422232628791
0.004482525727530288
0.007359098186637937
0.006075236529131518
0.006743965185768525
0.008594947161453075
0.006709782933213568
0.007364917335636933
0.007945752708289384
0.007036940128623622
0.007034028928057538
0.00441302891381063
0.004825583710306762
0.006743845911838562
0.00621021006334856
0.004926417665909412
