0.06478981791519642
0.0413782370713979
0.04531082811912819
0.04864011300116628
0.0502063463754363
0.05853778842938098
0.04722160303554557
0.04894696933945875
0.04173788743383373
0.0537592133042515
0.0463228651747428
0.04509836695816118
0.04322761691545053
0.04603678138451055
0.05756928519120019
0.05238903746009248
0.05837524592784671
0.0556431341826341
0.04942741389109968
0.0431951884374529
0.0473068419168153
0.05453177218712663
0.03910469540407662
0.04423920354845554
0.057734348359296
0.06588777470712966
0.05251057052164602
0.06012067311112399
0.04888885714892915
0.03541271113641257
0.04556472231598567
0.04095088122170285
0.05635411113514495
0.04544519708800208
0.03793560132007944
0.04222046103971457
0.05247915047764481
0.0487005217727192
0.05491908392600818
0.04507611090346308
0.03485021173640688
0.05419216764076316
0.03486809542549682
0.04933663343794484
0.04575345527417549
0.03256468277900171
0.0504990686134603
0.04521320522932334
0.05193152912276427
0.0506015224902555
0.04141743638893028
0.04290076515642633
0.0377325779117632
0.04163418673766003
0.04585777258754214
0.03910178453718773
0.07051195296730776
0.03790612345232396
0.04739630713354907
0.04505213166922113
0.05171228684618303
0.07482032828723123
0.07037231190977757
0.06652637175337221
0.05652777476323112
0.05215916224491893
0.06128031217186611
0.05009641001183827
0.05611762284125982
0.0679547871889649
0.06229255729786101
0.0565225456423509
0.05894562515237905
0.07059329903995322
0.06446955625117853
0.07639835601593771
0.08796365342679267
0.08331127103301381
0.081247467432548
0.08047079952690211
0.07946451305047945
0.08690788419833625
0.1002929894324174
0.07797959649812786
0.0821499370805838
0.07203195905514372
0.09360407750013773
0.08699187027780797
0.08825645831213416
0.09298305783015839
0.09411128450130558
0.08885016152622555
0.07902012354557178
0.09818775132078546
0.0902572516841277
0.09663401791048794
0.08950783769354717
0.1009510822170315
0.08870309554433677
0.09636051823069965
0.1187531332552983
0.1025809724168983
0.0890628945811562
0.08860371346887191
0.1106146790543804
0.09271290006259555
0.1031925807848739
0.09902693154074055
0.1050949615233075
0.1011298078376184
0.09735888614550414
0.1042811820108946
0.1035888807870488
0.1139013599542025
0.09355835967111646
0.09308197820667966
0.09845225993639366
0.09850408383061475
0.09588999553978826
0.1041122381368265
0.1249701430822357
0.1130632859938011
0.1166083239515721
0.1096617561569945
0.09485787129259779
0.09238901443923636
0.07877156774492841
0.08628967569395588
0.08421520387759836
0.06388462568082899
0.0905997376343126
0.06507019832603961
0.07579273080528534
0.07599342377883862
0.07488105541386601
0.07124182142012854
0.06298204893540239
0.06069518619360953
0.07610272456453891
0.06414260624031952
0.0734130119321714
0.07012962476930443
0.08688335430426447
0.06164468671451927
0.05338345705336831
0.06039445093767073
0.05645803499837098
0.06161832468085719
0.06546222363444672
0.05564445609663734
0.04935069908118141
0.0466922943901447
0.04079047766787064
0.05059985722920617
0.05365532758853731
0.05685540029767766
0.05137003858028627
0.03993932976434026
0.05222164703633979
0.04777065969526215
0.05522916754833672
0.05191619026018932
0.04826530718601724
0.05266296667333863
0.04816334654270116
0.05350118212041721
0.04477874083532159
0.04367158486608915
0.05345210399179691
0.0409889935746314
0.04814123496229973
0.04102875800426781
0.04727154769011978
0.06261165343455108
0.04155564241003431
0.03894189999542407
0.05094463411175412
0.03985815766311885
0.04362999612351771
0.04423072940669583
0.05072136669164057
0.05176355995804929
0.03617582856143239
