0.06376109470923742
0.05825614320735137
0.05370464647809665
0.05223933632175128
0.05547606733938058
0.05225940843423207
0.06759499025841555
0.05950065280000369
0.05497926647464434
0.05852712529400984
0.07133354010681311
0.04352776184678078
0.06406720466911793
0.06856350091596444
0.06512604206800461
0.0518278439839681
0.05371970099707445
0.06867892021934191
0.05506457524995009
0.06057454620798429
0.04725125730037689
0.05386522859334945
0.06065483664472898
0.05096471607685089
0.05194828112920125
0.0796486783772707
0.05505453882118066
0.04521889090538025
0.0708417580773433
0.07175506862501303
0.06736415388683478
0.04384892558058103
0.06949688444534938
0.04902769575516383
0.05630406811833381
0.07091201307872931
0.05975156364341577
0.05616355910897255
0.0540458840628465
0.06115163750946521
0.05598792197803656
0.06274742111563683
0.06190436581770579
0.06749964517851671
0.05719228746990363
0.06168858371675014
0.05675570480525494
0.05596784986555577
0.07958344196279844
0.06981804830332597
0.07311499739686649
0.06323920463522276
0.06838284643987814
0.06687237198154132
0.07252285157640775
0.07954831421375275
0.0704403031617403
0.1236280769109726
0.1515643299867709
0.1485032342374325
0.3344220793495575
1.113139448811611
1.112356612831354
0.807155450557669
0.5526429962366819
0.6098001600553592
0.6098754292974869
0.6282971985638142
0.6864579959462086
0.6997863038132588
0.7067666007826726
0.8277952561775843
0.7617609184235334
0.7522564730296533
0.7883673547456662
0.820498809715112
0.8145372002075116
0.9534356282403071
0.9019891685495774
0.9263123201827208
0.9559949016819398
0.9498827494680882
0.9449298008034627
1.008068637549877
1.058370949079593
0.9559246502816677
1.019841307029128
0.9638734571635723
1.006347398584088
1.080039490635196
1.002533578127623
1.005429071684678
0.9661416791379451
1.000496192897359
0.9672506973147392
1.025476734588544
1.083702764287591
1.046357410773635
1.070078386242191
1.016097739463051
1.077369811882575
1.058536552389463
1.121740630517403
1.077575558175643
1.102044245103995
1.090683061008652
1.218852601697048
1.133458102618655
1.16947363379101
1.233134367813667
1.186324710771441
1.15302903726697
1.212248670061429
1.219685623670618
1.212233611320456
1.178235392893354
1.12999053200086
1.154579649989804
1.122377944365144
1.111915022134781
1.165082719052831
0.9589104694624742
0.7568079691380263
0.5856626732895772
0.44649828436474
0.3609030555933714
0.3122868509342273
0.2654521023233732
0.224639180675149
0.1939379076162974
0.1656202737241984
0.1630760529388984
0.1652940907826026
0.1277329546709855
0.1323396507650614
0.1104252247760693
0.0932429488748312
0.09549109674990178
0.07496670894324779
0.09175756573677063
0.08692505024373531
0.08957967224220435
0.05381002860764662
0.06140756544967493
0.03399822277327379
0.04628776510556539
0.04557016404966514
0.040898231168588
0.04571569139758746
0.05789985209703445
0.06091076508164406
0.05483373887836933
0.04309619764486949
0.04583612779776255
0.04688492951293786
0.0374507366369168
0.06431309593220552
0.03241749356190363
0.03819844623406728
0.04012543062369029
0.04001502990722657
0.05383010146518549
0.03705931765337785
0.03797262720763683
0.04949940567215284
0.0420574323584636
0.04878682245810827
0.03726004548370838
0.03726004573206107
0.02987327240407467
0.0448023813466231
0.04148034080862999
0.04658383764326572
0.04597161896526814
0.04516369129220645
0.03461546003818512
0.04158572293817997
0.03528789753715197
0.04369336167971293
0.04417008981108665
0.04077779476841291
0.04211263259251912
0.05468319294353326
