0.008509073204941668
0.007450506959136797
0.007128064648973036
0.008571991535980313
0.0100120508966097
0.008320762605170257
0.008021336741420923
0.006942932438799202
0.01042501804496349
0.008586787871066199
0.009713505489711245
0.008953343923618145
0.007756540612113122
0.007837084484372779
0.009096978691902749
0.006750801373169878
0.008899585669157075
0.00849313877985973
0.009494963974632746
0.009650102439954631
0.009387923904999143
0.008794538470015911
0.008748359587330744
0.007053117374531269
0.005951219888375723
0.00887811708788035
0.00948506826963195
0.007646790995349486
0.009628887479978717
0.01034000836156956
0.008749916665310631
0.007662405669908056
0.00839975410852498
0.009293917399803991
0.0085658822163416
0.0118003896199023
0.007944570408772174
0.006479387866881612
0.00806628017132722
0.01009118305561229
0.009368422707100635
0.01097852300129141
0.008625327328926445
0.00670427638008101
0.009112970024985489
0.008562956012772552
0.00950310361048288
0.01076368682987809
0.008981780003725825
0.01013428259206652
0.01064094895195619
0.0109566125866543
0.01246392891099836
0.01233762697990236
0.01051212165684663
0.008938462510301509
0.008582999782044642
0.01175483820719102
0.01300023710255215
0.01463628227138161
0.01857962017523096
0.06177941783930072
0.066754840098823
0.06337531823207219
0.05482012494752361
0.05264195089712404
0.04663050234964388
0.04621013465786466
0.04836230429438684
0.05090062698329528
0.0545930399166482
0.05797714363174786
0.04956100426041254
0.04507955346154231
0.05034689757954774
0.05075716056863782
0.0533243856926982
0.055647251272305
0.04695666782979276
0.04545091568723426
0.04644425878938303
0.05056530347303095
0.05035340923525352
0.05524401205177432
0.04506389972142242
0.04608584312638472
0.04575666944152386
0.04914502152847317
0.04774405120426048
0.04727037819309399
0.04681739760951412
0.04485662244936608
0.04647685706110429
0.04399966392455956
0.04892597924047406
0.0495139921605587
0.04725035351974574
0.04313705492914376
0.04660577612077978
0.04759493198938387
0.04897241903363185
0.04672398740041914
0.04673314063038214
0.04316972469605316
0.04453566112127726
0.04597848672015063
0.04450422389134102
0.04861836923363284
0.04573115672114783
0.04104734881975693
0.04381553745624283
0.04228312116697541
0.0433358233034127
0.04729650539598224
0.04717971472971127
0.03793813161481429
0.04047336393436825
0.04528221472511521
0.04252013837597778
0.04292595517753135
0.0422695140299414
0.03041222219908124
0.03096779661653413
0.02672895319916633
0.02026570047768261
0.01928565015687849
0.01570207989162773
0.01466380631138022
0.01264849753888033
0.01365845674270401
0.01179700090364615
0.01392764691469073
0.01166785159833397
0.01077411480004639
0.008858664410987585
0.01141780063675683
0.01040168052557003
0.01044358984226723
0.009062033901274115
0.01230210517498022
0.008621143596867472
0.01005115779403122
0.008407374731256977
0.009111104882659293
0.009716285132955603
0.009825734288601031
0.008221100424274935
0.007662647110642727
0.008445237504334411
0.008547774657563584
0.01066758984845796
0.009743869247830781
0.007819142128115249
0.008947467365932096
0.008382135168021037
0.007344850934434247
0.006413339595835702
0.01210966527343907
0.007887239807731249
0.008040851576234609
0.006996043594328767
0.007263033450576096
0.00651151190153683
0.00687603986197747
0.009419574677188082
0.007473223276712464
0.007174149002693776
0.006066771170022515
0.006807703339452739
0.008835468427387028
0.008274703589437793
0.007128108055326211
0.006856420812135985
0.008931582329199373
0.007584711715771967
0.00820716616067943
0.008529466341899132
0.009553742861355033
0.007010941252176202
0.008540563440763975
0.008586097462848623
0.007884939828735097
0.009432767843694468
