0.03690560069465637
0.04290622934257984
0.03868998803460598
0.03519058448970318
0.04628230562126637
0.05591722647786141
0.05746652155125141
0.03364899713528156
0.03702121959066391
0.04825553724968433
0.04290237515747547
0.05238313758254052
0.04218553703260422
0.05668801993799209
0.04028938461995125
0.0386822799538374
0.03795002595686912
0.04817075017023087
0.04261718159604073
0.04813221048998833
0.03932974658191205
0.04501820396459102
0.04750786738061906
0.04134151803529263
0.0439352385879755
0.0296871177892685
0.03882487698781491
0.03060436232376099
0.03837010825443268
0.0499011817407608
0.04606262900972367
0.04494883254015446
0.04048208309352398
0.03772649573910237
0.02710110538971424
0.04304882615947724
0.04307965761423111
0.06395660399353505
0.04928069288885593
0.04728819098615647
0.04859468621873856
0.04280988006961346
0.04802815306389333
0.0673288264489174
0.05693852814900876
0.06448459782993794
0.05241782322239877
0.03237718775963783
0.04657135300600529
0.0446983243291378
0.05874989275860787
0.06795702316451073
0.05188212173938752
0.0806674107939005
0.08249033745229244
0.0984534745283127
0.1642946692475081
0.204318130507946
0.3170389953856468
0.6518794706672429
1.575513803245425
2.381112641153217
2.065649923899412
1.762839788589716
1.743095907145262
1.596086286874413
1.434539497117639
1.454071407643437
1.513075663304687
1.460858247143149
1.540577583177924
1.594425227741361
1.475530306161165
1.474647747483611
1.490865245797992
1.620377849429727
1.603119780978918
1.657514687337518
1.47875993216145
1.5717022318362
1.546439468398094
1.480987526258349
1.57991118199122
1.697888860339403
1.580246480899692
1.576554377795816
1.529921361156702
1.455971418003917
1.564761233326078
1.57384889303875
1.674803589920402
1.499679271103621
1.499027950290442
1.485446566972971
1.474374114813209
1.636225366234898
1.552601962400556
1.628764086310744
1.52253715610671
1.461228229158878
1.612727722756863
1.549383902935386
1.46217245103538
1.546720807123184
1.399229439836264
1.500866293906331
1.451955582237244
1.56506184355557
1.53284652201879
1.527955835727692
1.379011522712708
1.304186728673697
1.393475466010213
1.447978284775972
1.466735549972058
1.451142394839406
1.308098508895636
1.203590448430419
1.27919374429977
1.154818480261445
0.7343890774531364
0.5152524397472144
0.5009657789064645
0.42621035585773
0.392457300789833
0.3737578461271525
0.2923389121474028
0.3022436109104156
0.2473631022652388
0.2360517054628134
0.1842042699421644
0.18350284739995
0.1400994563993216
0.1540469671856165
0.1465124596258402
0.1283679762862921
0.1014056140348911
0.1010086556178331
0.09618348743438722
0.09920499843776226
0.09014046470403672
0.08503010274207592
0.1003920207339525
0.06128580458688736
0.08688771554684639
0.07738382945835591
0.07855543588244915
0.07135622346842289
0.06984932175385952
0.06711685799050331
0.06256532182621956
0.06810347402179241
0.05362026117360592
0.06520529006755352
0.05795597534561157
0.06925581017160416
0.06064604524362088
0.05454135938668251
0.05232918181312084
0.04797034354352952
0.05354318159604073
0.04263259754049778
0.05952068679761887
0.06091967726278306
0.05201701054787636
0.05203242620289326
0.06656188688445092
0.04338797520089149
0.03919100395011902
0.04625918195784092
0.05572452807664871
0.07032721357178688
0.05754360083937646
0.05408273733651638
0.04538818482255936
0.0435074482820034
0.06007951208877563
0.05116913722074033
0.03935672428572178
0.05718132784509659
0.04689123249673843
0.06033002008271218
0.04491029278755188
