0.008059734817398773
0.01255317410193576
0.01959430146734981
0.01562589379879942
0.0157090491735894
0.0101887118133912
0.007226174954599653
0.008059734817398773
0.01401870765455871
0.01608359825183971
0.02492991079417974
0.01255317410193576
0
0.02226886254606763
0
0.01935654632983476
0.01969775344380838
0.005094355906695619
0.008059734817398773
0.01733126787691261
0.02250571730517695
0.007226174954599653
0.01766999263190134
0.01596435052819623
0.01443761880111683
0.01935654632983476
0.0135372077448475
0.02254021951116482
0.01400800662448852
0.006282729617303141
0.01255317410193576
0.0140187076545587
0.01451625540584653
0.01400800662448852
0.02073488364945309
0.01400800662448852
0.01400800662448851
0.005161553386947099
0.003613087477299831
0.01733126787691261
0.01488874474375109
0
0.01255317410193576
0.02398607353078138
0.02101014992050272
0.01807407470964477
0.0190578009120371
0.02761617773747086
0.0217799511786324
0.02409860660734562
0.01204362539738552
0.004014541799128508
0.02033112485220065
0.0169811870226437
0.018036135475292
0.01839820050933914
0.01839820050933914
0.01839820050933914
0.03161816526055832
0.03073827679687647
0.0311303522282843
0.03295554856254183
0.04593493434457042
0.04486143433919774
0.06375586681630702
0.06681286344091228
0.05878988683129684
0.05561550258374129
0.06384025066314829
0.06752720104624574
0.08415217674975435
0.06825734194653764
0.07385250104581566
0.06652656832068872
0.06241610097105939
0.08750805412524053
0.0929698380736039
0.08288047546398757
0.07833963069081819
0.0860343083293745
0.08490109255984064
0.09181362608155254
0.0946945899965121
0.09379391932893112
0.09611483690095148
0.08937779579594703
0.09537576058191032
0.1067261946087986
0.1043596539002842
0.1033445735359664
0.0903762303355303
0.1027260674079467
0.1057906355183518
0.1045369461386295
0.1011665151660832
0.1033545824264629
0.1066515005991288
0.1026098942037478
0.0970985355505618
0.1165722932110554
0.1112426082704946
0.1127693817571077
0.1113315851911972
0.1101487457923954
0.1127712108262572
0.1206603081889492
0.1169489365470776
0.119995491093268
0.1074907839278695
0.1063241100674475
0.1122670874816432
0.1165954641424884
0.1250707690364142
0.1252621998118248
0.1190903550844326
0.1178976837276318
0.1026153789225319
0.1227443080200258
0.1247184481013023
0.1215602494359216
0.1224347469992851
0.1269941282513455
0.1265553383157103
0.08905003291432516
0.08749869849219105
0.09744886250181352
0.09696148733352571
0.08328401451917171
0.08047132922100605
0.08775437967578541
0.07518755449932081
0.08888984256323752
0.0679967369100959
0.05733507555538472
0.07810606280819321
0.0736989962001087
0.05576191511376669
0.06862280835741588
0.05965009394484159
0.05409451987682246
0.04593233355238426
0.06796605772394776
0.04663409731222309
0.0584708253820605
0.05121728131024457
0.0361057269501092
0.0569139460387691
0.0373586104401239
0.03584226530966735
0.03872057045078218
0.03363038071715508
0.03281240175659614
0.03290439024195407
0.03866000823343121
0.03078571027707589
0.02074426711756597
0.02204048531959644
0.03530878372656417
0.0195042821061202
0.03127854513147012
0.02497929508070353
0.01991865097427482
0.036322312881349
0.01947759521607003
0.0275821383056228
0.03087335971994726
0.0176118943950886
0.02105639936824089
0.0263544763530953
0.01327971996816009
0.02832554695863084
0.0250876400064088
0.01547493028749521
0.01088423213178315
0.02800965652442856
0.02361133941903736
0.02884679856621881
0.02388955852641771
0.01303269005567132
0.02175930648925375
0.008498485505631936
0.008059734817398773
0.02030825623406717
