0.0215925863988118
0.02561181502429997
0.01920886202271422
0.03508300959391015
0.02561181502429997
0.02969883370321386
0.02969883370321387
0.02444501947176632
0
0.03418518684404594
0.03809623002746473
0.01536708901457995
0.04372511859517581
0.02627312482032512
0.04119382586727509
0.02969883370321386
0
0.01920886202271421
0.02969883370321386
0.04515994653447362
0.02969883370321386
0.02863708280479177
0.0262731248203251
0.01536708901457995
0.01536708901457995
0.0215925863988118
0.01920886202271421
0.01920886202271422
0
0.03013734105863876
0
0.01536708901457995
0.02561181502429997
0
0.03598764399801965
0.0384177240454284
0
0.01536708901457995
0.0437251185951758
0.01536708901457994
0.02159258639881179
0.03081411192583854
0.01536708901457995
0.0411938258672751
0
0.01536708901457994
0
0.04589833507823679
0.02627312482032506
0
0
0.02863708280479171
0.02969883370321387
0.02969883370321386
0.01536708901457995
0.01536708901457995
0.04814120024902754
0.01536708901457998
0.02863708280479177
0.04119382586727509
0.04973675976547207
0.1252000130494034
0.1690085050830138
0.1662627281905618
0.1612111767250808
0.1811531477070746
0.1350494456096062
0.1684200658959201
0.1707957523858264
0.1521841821371289
0.1526475296198355
0.1789677983063825
0.186991667573877
0.1680147427970083
0.1694754755808917
0.1589480912659502
0.1517947867134264
0.1584286005062805
0.1752540096660176
0.1872581761404996
0.1525138710924351
0.1442008436524255
0.1313673868802878
0.1353724072177577
0.1389053961230521
0.1739390487437864
0.1487045606522788
0.1393955374229978
0.1325863850190429
0.1316056350215588
0.181160572840041
0.1835704351159481
0.1695703500583242
0.1382268630309588
0.1357619827943329
0.1468771037532221
0.1668393682271248
0.157941216597306
0.153909314266798
0.1135380612401581
0.1367259895795137
0.1176489866290922
0.1585841892918038
0.1830225016891185
0.1821916868312842
0.1331364448598661
0.1221462876256253
0.1229962156477962
0.1516562165999045
0.1665150623997243
0.1629464126001229
0.1339769092056699
0.09456449658540322
0.1095435444804304
0.1308367293182552
0.173032799848466
0.1592598185823444
0.1195845296344862
0.1079683852892093
0.08845565016167101
0.1218295102182724
0.1291906825188059
0.08708017255973455
0.07179600298447281
0.07323751872853543
0.06522992198962127
0.05872665896694899
0.05898528845371494
0.02444501947176633
0.06185399170400237
0.03319670639761493
0.04557286830612087
0.0473907317527567
0.04297972231422664
0.0215925863988118
0.05022387975560975
0.03319670639761493
0.03013734105863873
0.04814120024902754
0.02969883370321387
0.0215925863988118
0.01920886202271422
0.02627312482032505
0.0411938258672751
0.06206200389356732
0.02159258639881179
0.04515994653447362
0.02969883370321386
0.0215925863988118
0
0.02444501947176632
0.0411938258672751
0.03181714531017607
0.0437251185951758
0.0215925863988118
0
0.0215925863988118
0.04119382586727509
0.0384177240454284
0
0
0.0411938258672751
0
0
0.0215925863988118
0.0215925863988118
0.01536708901457994
0.01920886202271421
0.02561181502429997
0.03219551186094217
0.04814120024902753
0.01920886202271422
0.01536708901457995
0.05099985878443409
0.0262731248203251
0.0437251185951758
0
0.03627625732891757
0.02969883370321387
0.04605198845399718
0
0.04148473486427305
0.0558226708613981
