0.004854177901945475
0.004957058188404456
0.004494319601024461
0.004481134184450547
0.004724160790666944
0.004325717917341433
0.004244532080181077
0.005175330910997292
0.005176997822946915
0.00491664693109453
0.005415617786298557
0.004438880554616173
0.004294219929774096
0.004904905389204109
0.004923339535074746
0.004569303377593963
0.004375935760502458
0.004851248706538819
0.004730778767772871
0.004982561536892724
0.004985340460554727
0.004536676462619128
0.004819081517081424
0.004155408875082648
0.005111054519268085
0.004539794586929729
0.005287346613903845
0.00487827989508864
0.005033148530798096
0.005219459131246143
0.005601888797652123
0.005567791723327326
0.004862256590314188
0.004681685872757676
0.005736225439331912
0.00577139579707934
0.005160218844529426
0.004377955296650415
0.004762077763448083
0.005513542953350664
0.00520382558929919
0.005792967889018169
0.005217649960534436
0.004832215169664381
0.005310449866992029
0.0049271902904047
0.00561379658288256
0.005634786644291423
0.00480311972034212
0.005517227236437731
0.005525450043736304
0.005680572192520624
0.00626750312562996
0.006632592337298989
0.006296117826945223
0.005312739263970362
0.005906505537493495
0.006091766443104622
0.006735708476233568
0.00782091172969515
0.009686247831655774
0.03227521388274218
0.03418689420905559
0.02968093512392609
0.02724174966152079
0.02581260844585887
0.02454607511798875
0.02365330665676731
0.0244602656693648
0.02468845693201315
0.02697113399079314
0.02757936525937061
0.02552517805081646
0.02431458011405914
0.02578881175250901
0.02530832702606495
0.02572000901714338
0.02750551665115267
0.02508326648315082
0.02469627629657868
0.02561904142457715
0.02548536783885609
0.02569031550674995
0.02755446481767847
0.0250274509041417
0.02509862946307444
0.02491065602402065
0.02595973909237502
0.02516599969206868
0.02523757698212828
0.02534650410196213
0.0252375920839962
0.02488037291901854
0.0244226375048956
0.02539609753709735
0.02708036861793819
0.02560502044823731
0.0246066212547961
0.02532197124552022
0.02570989645307764
0.02568898831469741
0.02544005368352723
0.02608119472398977
0.02463542402359598
0.02489309767177238
0.02510282110896406
0.02506579054983698
0.02683590561461111
0.02609696478430424
0.02486220417002813
0.0248352780719158
0.02403454974075734
0.02505842669574216
0.02664868902779578
0.02690264214817817
0.0241872022012066
0.0237789031671281
0.02599800792206208
0.02391604969334316
0.02470053680361954
0.0244418491297075
0.02077244650172659
0.01765619488850417
0.01485508542152542
0.01147708164458997
0.01042074945381856
0.009111932809190183
0.008603558030152534
0.008218842920268091
0.007543686154469156
0.006854041758357654
0.007538968757878958
0.007145255606206766
0.005761911305136056
0.005679296857311126
0.006958809503304681
0.005727378112810677
0.006079281111218504
0.004834544840407829
0.005574978031529915
0.005091434670441952
0.005141640510141788
0.004303753623102377
0.005274955941555446
0.005153043710267958
0.004820229561988743
0.00489300139889616
0.004195013865626854
0.004911770728925307
0.004382486855745651
0.006150868246950523
0.005424646464138052
0.0045476233466
0.005080301113336811
0.004567833993956513
0.004212582390070144
0.004458187176297974
0.005306980991746287
0.004853221237806583
0.004163736099187509
0.003697692916997702
0.004567053180783659
0.004391036261571742
0.004389533398536385
0.005519781235379991
0.004267485476612606
0.004079015028875446
0.00451772904324146
0.004098783546559453
0.004700641310614144
0.004711086154663912
0.004329125696745896
0.004564487045596539
0.004902905115313041
0.004842861979594102
0.004737633148189815
0.004652336011195814
0.004598911496645154
0.004318815680982472
0.004519297242464192
0.004729991128185842
0.004232546720572903
0.004824635814798518
