0.01508441548821883
0.01575881114383123
0.0185213821279475
0.01801940856094274
0.01760591179922684
0.01785880977432482
0.01638835814653197
0.01574902763573773
0.01555102749847518
0.01454721214868073
0.01558073159659189
0.0155017596635321
0.01502294660314363
0.01724864693093854
0.01314018109844933
0.01422526347404354
0.01746643807760132
0.01571335586483303
0.01544469608140288
0.01482205894631053
0.01429637217650236
0.01410854868851465
0.0150113624752023
0.01524858717523798
0.01456071382118934
0.01656470012382617
0.0142366692271845
0.01400035819359934
0.0147798107167766
0.01506563518482927
0.01572344759555959
0.01720892212702929
0.01786153839449867
0.01469441667921273
0.01646719207760472
0.01666359844040534
0.01695875941131875
0.01591234189721033
0.01459887575901635
0.01512081989938878
0.01318596027666474
0.0149025016602466
0.01513657470687668
0.01564711071921393
0.01537777868130966
0.01399717488477169
0.01756645130861596
0.0164502061657135
0.01583800066512314
0.0163407419470412
0.01580071469537768
0.01382068562894239
0.014318082258806
0.01618031957384743
0.01556323911557732
0.01470668759805962
0.01490764472626766
0.01574551376450932
0.01643607174262596
0.01773953722420762
0.0172356217416921
0.03109748801733692
0.03894203779603332
0.03262665089765768
0.03547920636658238
0.03357968511081554
0.03454196094316419
0.03605954592605771
0.03882317869160262
0.03401370324876964
0.03908759833301108
0.04191067134826601
0.03992874081871522
0.04180799877418804
0.03933036547687526
0.04223749987550527
0.04431481104919032
0.04376666947914839
0.04466628591196187
0.0462325963030215
0.04550354034540686
0.04606829549890563
0.0460801740515066
0.04691373887983496
0.04256471386448196
0.04740495263982424
0.04743134146788342
0.04761006226579332
0.04895717593108351
0.04905612057902384
0.04580254877662398
0.04907464840823305
0.04916876069481273
0.04989570067021722
0.04777911779465006
0.04776226339261938
0.04714692926729607
0.05266691517361419
0.04961770200283057
0.05050694265549934
0.05293107294906201
0.04895628310453506
0.05289516367825423
0.04969465482735963
0.05294261440257543
0.05430996298896118
0.05407691416897511
0.05393510328936908
0.05291455241499371
0.05149296723577233
0.05367020093920696
0.05544838253718905
0.05628209046794264
0.05195071344025406
0.05649334072725901
0.05237013505852176
0.05720739695728309
0.05477807753899499
0.05323967104622214
0.05539963588331364
0.05304897431077175
0.05787292982267949
0.05908858895848329
0.05365525591218714
0.05182718697390198
0.04727785978880227
0.04767613284261197
0.04618452823796093
0.04343968427799941
0.04361376536730412
0.04281849151951084
0.03937227925833956
0.04108097187405435
0.04190933657627068
0.04051970103463404
0.03693735734532343
0.03623537950004978
0.03333276170757803
0.03160918469778849
0.03501509266939275
0.0345832421523138
0.03061151072233112
0.03003138303477737
0.02868787599451319
0.02680751690554366
0.02647982664286575
0.02706347391491037
0.02700211783194041
0.02700792712341421
0.02099963988157374
0.02231020532988846
0.02627137912763974
0.0189578317497378
0.02006743090062374
0.0205293568329544
0.0199642242409274
0.02089287926982387
0.01814810927848724
0.02114769349819922
0.02004704200524683
0.01922161335979931
0.01851644096527602
0.01788995202621147
0.0178473970398338
0.01874920553797443
0.01816130565870241
0.01518270691146284
0.01832183296265928
0.01560500716830893
0.01824470783370831
0.0158663622556924
0.01468985908291499
0.01474029606151304
0.01618126136714873
0.01467652239965038
0.01235484181778937
0.01348582163202843
0.014029280229328
0.0162354368830366
0.01226933908959509
0.01495127583849346
0.01545590706686651
0.01244374141649621
