0.003227006875727165
0.004840510313590748
0.009761695941669519
0.005808612376308898
0.03751395564330252
0.02057216926054521
0.01169790006710582
0.01532828294489372
0.01573165894695446
0.02952711319809325
0.0266228070099388
0.02557402963273263
0.0210562200067146
0.03404492282411128
0.02541267957413596
0.008067517189317914
0.02621943157825744
0.02065284400465386
0.01460220625526027
0.02218567269840879
0.01008439662924224
0.01750651244341472
0.02436390219692978
0.01678043575378126
0.02379917613627238
0.003630382877787905
0.01210127606916656
0.003227006875727165
0.03283479538830844
0.02597740563479337
0.05469776739914452
0.0266228070099388
0.03025318988772671
0.01653841038069656
0.01008439662924224
0.00685738975351507
0.02863968644986312
0.02436390219692978
0.03097926657736016
0.03114061720633621
0.02823631101818176
0.01710313644135398
0.04049893657556562
0.02436390219692978
0.0324314193862477
0.05768274890178698
0.01952339188333904
0.01411815550909088
0.02137892069428731
0.02880103707883917
0.03428694876757535
0.04316121796101474
0.02500930357207522
0.05187413595509871
0.03549707620337819
0.08325677853451961
0.1075400059873408
0.1427143809327669
0.3015176967570656
0.6002578635535172
1.308620460580981
2.099836462422421
2.03825825966146
1.789859398415214
1.705934165482316
1.475894671022607
1.449629141098004
1.415422861655933
1.388984456301876
1.457304811078395
1.351078656301544
1.348404845552581
1.373114511156767
1.280049926356265
1.345465967244509
1.571022227335204
1.40823125325892
1.413037177763487
1.137324024615676
1.329469232467943
1.428561392583345
1.297821510351446
1.281755631620234
1.379268858136173
1.310810218587446
1.428457671945745
1.263903369458669
1.26113735830955
1.334505662678531
1.24837915520919
1.351493543414978
1.232785801853289
1.285178568944977
1.289961451263519
1.26522874261774
1.337882499090222
1.236531425606121
1.281628863378005
1.229063218860535
1.185026098951769
1.364908684954119
1.182674993168224
1.230607566936164
1.28245865870891
1.081842545116917
1.211406874884829
1.096099006217062
1.256216178955644
1.176993153882369
1.188045646014966
1.047636276226865
1.088204361320112
1.091281547785946
1.256815472858374
1.06292998733703
1.087847084805156
0.9449022058664897
0.8582455416045121
1.02697190998844
0.8285686117039913
0.4113627096112265
0.2748603147753118
0.2325058482480391
0.18765045410138
0.1863596499251407
0.1970087706187125
0.09971451417110754
0.1285155512499467
0.05881220102310181
0.1116544381853496
0.0627652851588418
0.068331872162066
0.03396424750962326
0.05139008520892933
0.05260021264473217
0.04445202071130561
0.04283851670306265
0.05461709265503586
0.04412931945335351
0.04130568857968709
0.02621943157825744
0.03848205770602067
0.04921185571040834
0.02960778851258127
0.0438066187657808
0.02460592814039386
0.04114433795071105
0.03590045220543894
0.03444829882617202
0.02880103707883917
0.03711057964124178
0.02597740563479337
0.01210127606916656
0.0229924241321509
0.02436390219692978
0.0227503987590662
0.01411815550909088
0.01976541725642373
0.02154027132326336
0.0258160555761967
0.02960778851258127
0.01855528982062089
0.0229924241321509
0.02137892069428731
0.04114433852109042
0.04775970233114142
0.04542012220364439
0.02436390219692978
0.02073351931914188
0.01782921313098743
0.02073351931914188
0.02097554526260595
0.01581233369106311
0.02145959600877534
0.02113689532120262
0.03146331789390892
0.03953083508322684
0.02751023375816893
0.01492490694283298
0.01976541725642373
0.008470893191378653
0.01976541725642373
0.02759090964303633
