0.02367240104949075
0.03456354968285447
0.01669976100967261
0.03041453966113369
0.02872036176435115
0.03641907906418212
0.04899288107903951
0.04004946137159065
0.02791361033060904
0.04182431543843027
0.0518510863541416
0.03767530627227856
0.04940778102600974
0.03851663239264602
0.05695667221215353
0.03807868170395993
0.02931966336720298
0.04193956572473334
0.0398881107426146
0.03065656588978745
0.0171377119835484
0.0302070901154331
0.03416017368079373
0.02923898805271495
0.03235074464213905
0.02730278392727866
0.01786378867318185
0.02293480012975811
0.01286192773061506
0.03515132648522774
0.03165924349470001
0.02572385603160949
0.04574282346159648
0.01339207881945742
0.02278497430126062
0.01825563987476404
0.02033014388746052
0.01339207881945742
0.02819021067550878
0.03517437551580548
0.03549707620337819
0.03396424808000263
0.03706447986894817
0.02891628736514224
0.04190499018253892
0.0302070901154331
0.03867798330681176
0.0316246679525056
0.03565842683235424
0.04711430095599599
0.0316246679525056
0.0207680948613363
0.02730278392727866
0.04400254436657189
0.05026063251723513
0.04206634024113559
0.0877630633600591
0.08235782698581093
0.108127781934145
0.169083636343194
0.3473066222724732
0.6963074267195742
0.7630834177350313
0.8659096850732867
0.8206739619588167
0.6234346856340838
0.7104025237868277
0.5807575232674631
0.6750207035735464
0.6917665592220982
0.8523216863568319
0.6862691235884525
0.600338540008764
0.7421078704760976
0.5908649740606974
0.6583324696458698
0.6085558827413896
0.61414552020114
0.5235703464900477
0.5222565009833523
0.5932621744831214
0.510443350059564
0.5019263562403227
0.5100745476033699
0.5031595289992373
0.4355652588976627
0.4965787413017602
0.500266749893079
0.502986656992059
0.4718460366486362
0.4337212580242796
0.4333985573367068
0.3967835503902162
0.4491417399433811
0.3601915987484763
0.4284427944552955
0.4070984464513058
0.3124434203622444
0.3621162783586238
0.3518590025924609
0.3841290742016295
0.3258931251804224
0.2979795125682959
0.3137342248236734
0.2603157342335824
0.2933810279129795
0.3194045364571531
0.2859473892946563
0.2774534453615617
0.1814730406948254
0.1495256700584193
0.1851725712347259
0.1486382447361376
0.1695792133157903
0.1976426489045175
0.2117953788150441
0.1300714284039
0.116886801126471
0.1559796846654427
0.1763789779261539
0.1456532620927364
0.1074939062150471
0.1302097288615396
0.0434723938481089
0.03488624980004781
0.07236563104191465
0.06817052096271059
0.05473234237095956
0.04303444230385374
0.01266600212982397
0.02710685832648756
0.01266600212982397
0.03622315289301165
0.0227503987590662
0.03469032419925672
0.0202494685729725
0.0227503987590662
0.03114061720633621
0.01952339188333904
0.02646145695134213
0.02315377476112694
0.01952339188333904
0.02162094606737201
0.02326902504743001
0.01629638500761187
0.01702246169724533
0.02843223661897285
0.02439847773912421
0.02673805786662125
0.04487844745508222
0.03770988124409361
0.0238798514507604
0.01920069119576632
0.02678415763891485
0.02170162138186003
0.01702246169724533
0.02677263283843629
0.02500930357207522
0.02222024767022384
0.01879731519370558
0.01952339188333904
0.04178973932585648
0.02266972344457818
0.02678415763891485
0.01992676788539978
0.03259277001522375
0.01754108798560914
0.02281954927307567
0.0255279304308184
0.02431780242463618
0.01694178638275731
0.02681873261072989
0.01581233369106311
0.01960406719782706
0.0191200158812783
0.01193992544019051
0.01920069119576632
0.02355715076318768
0.01306937813188471
0.02283107407355423
0.03444829882617202
0.01984609257091175
0.0116172247526178
