0.06505887554242061
0.07615293161227153
0.06093624176887365
0.06764131239973582
0.04941370997291345
0.07820266800431105
0.09720615927989666
0.03536664350674702
0.0458237760915206
0.04939054955656712
0.05308470817712637
0.08947043006236736
0.06604321129046954
0.05822642032916729
0.04388984350057749
0.04113370008193529
0.04541846135487923
0.06064673140645027
0.05410378540937717
0.07102279966840377
0.04846411456282322
0.05485651441491567
0.06574212157955536
0.05410378540937717
0.07629189697595742
0.04372771714742367
0.03820385067508771
0.05333947590910471
0.04671546874138025
0.06151526363996359
0.03910712410624211
0.05537763352577503
0.05727682434595548
0.0616889690550474
0.05306154776078004
0.08371495541471702
0.05624616604584914
0.1198690674052789
0.06782660031547913
0.06735180203731243
0.05887492344929622
0.0780521218593304
0.0470049802500468
0.1064589252838722
0.08593839836808351
0.06597372946830896
0.06546419257154831
0.05302680484377421
0.0653599678323819
0.05629248773822418
0.07071012717026931
0.07794789797984637
0.07434638417684115
0.1179698762985376
0.12729212641716
0.1419761152221606
0.2384642901328894
0.2755448365440735
0.4055120440629812
0.8301897071875058
2.0782825127244
3.004589810107763
2.416187978707827
2.097702902383529
2.08861226359239
1.886232605920388
1.622742989601997
1.74676944859899
1.726804771102392
1.628915359767584
1.802818740789707
1.850402742624283
1.720273413910316
1.710383715537878
1.618550881743431
1.792940631222266
1.835938779780498
1.860014504538133
1.745020794180723
1.775801590142342
1.816043598720661
1.70982785952779
1.689978996148476
1.923336310741993
1.744580740538927
1.76132605310816
1.733081376323333
1.573340866141594
1.678201689456518
1.804451587968148
1.791377273316567
1.61852771960772
1.693823694323118
1.651288761542394
1.664525199108399
1.806165483995126
1.660159371506709
1.829407422301861
1.694229007340394
1.586855232429046
1.821150561937919
1.673928519854179
1.57177750995526
1.617925543911182
1.666540194589358
1.701513112451021
1.617983441226758
1.76202086903728
1.695908181942426
1.6995791804332
1.443223111618024
1.439169963105367
1.597567132172676
1.562177335413603
1.638886126474692
1.635585697797629
1.541425196024088
1.38569152670411
1.448017418957674
1.305612828869086
0.8243300055082028
0.5307428527336854
0.5291794928220602
0.414834288163827
0.4053499174232666
0.3460465153822532
0.2821572629305032
0.227057561564904
0.2179437606380536
0.194840795145585
0.1685068896756722
0.1646274425662481
0.1145420693434202
0.1160706869111611
0.1161517480818125
0.1206102156295226
0.09904744762640733
0.05888650480371255
0.05721892158572491
0.09191390155599667
0.07294515147805214
0.0678381805236523
0.09105694838441335
0.06110994775707905
0.07169446349143982
0.08061139744061691
0.06071621265548926
0.092678208477222
0.04340346501423763
0.08993364526675297
0.07209977908776356
0.08768704247016174
0.05579452847058956
0.08534779428289486
0.0532468339571586
0.07128914875479844
0.08032188621851113
0.078665885501183
0.06556841501822838
0.05904863058374478
0.0335137746655024
0.04794299487884228
0.04453834776694958
0.0539879801754768
0.03395383174602802
0.05798323022631498
0.05542395521815006
0.04567322994653995
0.0414116308093071
0.04372771714742367
0.05353634345989961
0.09042002461277522
0.07171762476746853
0.07108070128239118
0.05653567669483332
0.04567322994653995
0.06175845231001194
0.07990499270650056
0.05624616633240993
0.1011435054242611
0.06244169863370749
0.09564280080107543
0.06560315621586946
