0.05037488559117684
0.05821483897475096
0.07237771038825695
0.06696964829013898
0.06115626973601488
0.02618336018461448
0.07795947904770191
0.05142870516731189
0.08143361027424152
0.05684834919296778
0.06121417306936704
0.05689467002566044
0.0791638453419392
0.1049303100086175
0.1032279858795496
0.04809354102382293
0.1375639707996295
0.05782110501940434
0.09751883005866638
0.08831238746643066
0.08021766434495266
0.0755623306792516
0.05796007152933341
0.07822582899377896
0.03880603353564556
0.09499429825406808
0.07383684412791179
0.08195472909854008
0.09996230212541726
0.07267880210509667
0.1015604046674875
0.08592681873303193
0.0642019252364452
0.0847687735580481
0.08078510600786942
0.09808627458719107
0.05276045604394032
0.1097246090380045
0.07777419199164097
0.06698122763862976
0.07684775843070103
0.08550992120917027
0.08949359133839607
0.06121417249624546
0.06818559421942784
0.09142752536214314
0.05691783273449311
0.07089541565913421
0.1104657572622483
0.07501804828643799
0.09419524698303296
0.09707877555718789
0.08152625279930922
0.08458348822135192
0.1033322086127905
0.1381545748848181
0.1260414404364733
0.1528617246792867
0.1737296661505332
0.3618190683997594
0.8529452621363677
1.211440733132454
1.14046426403981
1.15526406495617
1.144262642241441
1.245776723497189
1.173943297794232
0.9485417398122641
1.076401300728321
1.076459205207916
1.176247809941952
1.261317675789961
1.089429292254723
0.9997967335467155
1.017468480823132
1.09945794280905
1.194521720879353
1.218215298480712
1.14650925134237
1.086580508030378
0.9421377608982416
1.038602769661408
1.180185148349175
1.111594243691518
1.111142603537211
0.9857033499731467
0.9952456234739377
0.9402385606215551
0.9776317912798661
1.187052357368744
1.072927170074903
1.030450142346896
0.8464833755905812
0.9403543687210634
0.9483564467384265
1.040339840146211
0.928727617344031
1.029905860813764
0.8672123471131692
0.8917860276997089
0.9682979517831252
0.9540077032378087
1.008204131745375
0.9455308192051374
0.717488925330914
0.8904658639087126
0.9045013481607804
1.053147796541452
1.02273757268603
1.044960421724961
0.9268168434500694
0.8113483414053917
0.7628494836390018
1.077953077279604
1.053472044949348
0.9288897448434279
0.8182155381028469
0.6943049009602803
0.9245239160954952
0.860843107677423
0.856650996953249
0.624104307534603
0.479603656495993
0.3210906824813439
0.2929270654343642
0.2643928794333568
0.1836193547799037
0.1657044254243374
0.1333255317921822
0.1100256990354795
0.1363017020317224
0.1178540716377588
0.07528439937875821
0.09369728742883755
0.09947592478532058
0.09131171726263486
0.04421409506064195
0.1109752961649345
0.04538371901099499
0.08088932788142791
0.05717260075303224
0.04226858226152567
0.06120259171495071
0.04775770925558531
0.06267330795526505
0.06101730494545056
0.06371554445761901
0.05600297594299683
0.04327608043184647
0.05778636382176326
0.08370337377373989
0.0698647559262239
0.06633272365881847
0.05999822714007818
0.06223325087473942
0.05090758605645253
0.04412145110277029
0.06151526363996359
0.0653599678323819
0.04048519495588083
0.06007929031665508
0.04340346501423763
0.07147443638398097
0.06283543316217569
0.05838854639576031
0.043067633246
0.03702264708968309
0.04915894023500956
0.05989400240091177
0.05989400240091177
0.03735847885792072
0.05300364414086708
0.03327058570889326
0.07021216847575627
0.07654666728698291
0.04476995651538555
0.05212353198574139
0.06583476553742702
0.04671546931450184
0.08040295054133122
0.06195531928768525
0.06401663789382347
0.06048460476673567
