0.05669780304798713
0.08151467345081843
0.06504729533424744
0.08172312120978649
0.05494915722654416
0.05880544162713564
0.09413734565560634
0.07445060776976439
0.05943078547716141
0.07434638417684115
0.06442195177078247
0.03973246852938946
0.0546249056664797
0.06463039981631133
0.06099414395598265
0.06881093692321044
0.06819717213511467
0.04963373851317626
0.07630347718413059
0.06651801157456178
0.0495063539307851
0.0576589792393721
0.06078569562389301
0.04399406652037914
0.04598590244467442
0.04002197889181284
0.07066380633757664
0.04816302284598351
0.04981902642891957
0.03731215745210648
0.05797165116438499
0.05274887583576716
0.04400564787479547
0.08217475649255973
0.06341445446014404
0.04356559050770906
0.08402762733972989
0.06224482965010863
0.06349551763672096
0.05884018311133751
0.08963255555583881
0.06941311863752511
0.07828373118088795
0.05879386141896248
0.04420251542559037
0.05138238376149765
0.07035113383944218
0.06370396482256743
0.09040844440460205
0.07475170005972569
0.08330963953183247
0.09109169130141918
0.07226190544091739
0.07087225323686233
0.07868904821001567
0.07410319579335359
0.07625715577831635
0.08424765473374954
0.1202975448507529
0.1984654730902268
0.3480615148750635
0.5646966904974901
0.5527340981822747
0.5462374704388472
0.4493903099344327
0.4023274303628848
0.3999765982421545
0.3801972206968527
0.4157028287076033
0.4218983638745088
0.4950287972505276
0.568228719326166
0.5206447163453469
0.5991137371613429
0.5009116624983457
0.5649630364317161
0.7016932219266891
0.7432438143743918
0.7177900244983343
0.7341647555048649
0.6590888013060276
0.6940848704140919
0.753121920216542
0.9423462112362568
0.85947662878495
0.7625136576019801
0.8025356324819418
0.8000110978117356
0.7543147080219709
0.868243011717613
0.7899592845485761
0.8918902659072325
0.834254441352991
0.6584287194105295
0.8258817809132429
0.7910130989666169
0.9002744902211887
0.893534682977658
0.7609502939650645
0.7305864003988413
0.8656837401481775
0.8458580354658457
0.9111948437415637
0.875909261405468
0.7612050665685763
0.7714537496750171
0.8081521411927847
0.9648933147008603
0.8923534779594495
0.9860855071590497
0.9358727476344659
0.9105000137709655
0.865127874395022
1.068109716646946
1.095126862136217
1.052476125267836
0.8766619849663514
0.8765230196026655
0.98033002190865
0.9321670065132471
0.8956191568420484
0.759896479260463
0.59243182436778
0.5083578790609653
0.3724151686407052
0.3413796055202301
0.3261976560147909
0.2990183798739544
0.2202482687739226
0.2040935651614116
0.2292462644668726
0.2037808895111084
0.2013837414292189
0.1653454326666318
0.1994150682137563
0.09536487236618996
0.1417676686094357
0.1066673744756442
0.1219651286418621
0.09099904791666912
0.1183288722084119
0.1017341089363282
0.1011087673787887
0.07380210350339229
0.07401055126236035
0.1146694536392505
0.1147505185351922
0.07807528399504148
0.06972579170878117
0.07941861507984307
0.07890907388467056
0.07519175484776497
0.07098805761108032
0.07516859557766181
0.05028224277954835
0.09485533346350376
0.06662223459436344
0.06079727583206617
0.06899622483895375
0.04233806580305099
0.06827823703105633
0.06381977034302858
0.0515097683438888
0.06786134036687705
0.05648935586214066
0.06190899931467497
0.04441096261143684
0.04158533593783012
0.05826116267305154
0.05555134008710201
0.0495063539307851
0.03626991865726618
0.04481627849432138
0.02877737782322443
0.04494366250359095
0.03638572245836258
0.03586460277438164
0.05128974152299074
0.04223384020420221
0.02261658671956796
0.03772905297004259
0.04752609993402775
0.06296281946393159
