0.03028117955385983
0.03896319604181981
0.02158592788727729
0.03814264051206819
0.05103331673276294
0.03325900500947303
0.0356545009455838
0.03958523109718994
0.04964366424214709
0.01454502442380884
0.02550342417025304
0.03587949112221435
0.04269540440905225
0.02755481463212233
0.0338545703625941
0.04020726484256786
0.01921690230841165
0.03360311048371451
0.03194876228060041
0.03231933614709875
0.05149653422963488
0.03732208301732828
0.03777206664556985
0.05162888208588401
0.0302017704471127
0.02752834623986548
0.008470260179959811
0.02575488404913263
0.05374644778587006
0.03329870923534854
0.0402866746043111
0.04171603033830831
0.03648829230895409
0.05759776883072906
0.02301528460376865
0.05389202885575347
0.04367477815229814
0.02968561420073876
0.0206065547990275
0.03611771844245575
0.01825076308879223
0.02453728495063363
0.02907681497898731
0.03802352652444944
0.04051166478094164
0.06177995886121478
0.07028992195705791
0.05413025388350853
0.0327825536439707
0.06989287969830273
0.05724042948785719
0.04270863893267873
0.05242296922337878
0.08464966174010392
0.05720072460698557
0.1288405948287838
0.09934026788879227
0.142459186223837
0.1935057361702343
0.307245447412952
0.650476261154636
2.324808435780661
2.325152537652424
1.550600202528985
1.464613831960238
1.506184285813636
1.377026051937879
1.279022486655267
1.253201439157947
1.31819745014002
1.324245737149165
1.595346997072409
1.474209052520794
1.471257686287492
1.483579274062272
1.277315201012643
1.356445961601132
1.519220543431712
1.454952437144059
1.325000120715781
1.506859255033535
1.242878300803048
1.234685978391668
1.558024931412477
1.43083866742941
1.532534733905897
1.435126737578885
1.238524065240399
1.303559776518371
1.43451794719958
1.429779879666947
1.442114699672867
1.318872425582383
1.286738374731043
1.289914718368551
1.325476583871213
1.489773145743779
1.510512047089063
1.2275921358512
1.245869367004751
1.171820764685725
1.312453552261814
1.522502759328255
1.406566077536279
1.491414268593212
1.233706599408454
1.373002674880919
1.378746570139141
1.611466960920082
1.450333498336457
1.269718446574368
1.230119975058587
1.293302822571534
1.399273716813915
1.510128244921401
1.366107352814832
1.322313461329911
1.248251622849768
1.18696135020518
1.185677584383514
1.37755544598286
0.9728490638208913
0.7657247405130785
0.5820789140659374
0.4491090659911816
0.3951508628798055
0.3328282783974658
0.289497604409417
0.2487477132907281
0.1514985404171786
0.1482692531176976
0.1356168045447423
0.1606967147890028
0.09212731234319918
0.07865430463801373
0.1093854691301073
0.1053620940381354
0.05992708952872308
0.09131999133707402
0.07126929766529209
0.05558608062974699
0.02824302361561702
0.07261924527503633
0.04877016930789738
0.02538431018263429
0.06089322842084444
0.06279903748533228
0.06152849898233519
0.05950357691272275
0.03362957887597137
0.05935799453284715
0.06548569752619816
0.0509539069710197
0.02036832878877828
0.05315088243274899
0.04565999534103896
0.04960396001627157
0.0393073008610652
0.04756580407802875
0.03422514422909244
0.03811617080981915
0.04825401240652734
0.0677091413801843
0.05018629150076227
0.04195425733105167
0.03051940556410905
0.02862683200574183
0.01893897207228692
0.03360310917372232
0.03074439705073178
0.02384907596713894
0.02038156265740866
0.03265020578772157
0.02574165018050225
0.03065175342035818
0.02288293674751953
0.039069074850816
0.02560930166925703
0.01560380727380187
0.04777756104102501
0.02739599707362416
0.03028118020885593
0.04445563076616644
