0.02255206710689671
0.030982623060981
0.03148554478372846
0.0392146572306916
0.03231933614709875
0.05230385654575222
0.02301528460376865
0.019534537425408
0.04338361339254693
0.03208111013684954
0.02027568515840468
0.0393602396105672
0.02907681497898731
0.02444464132026002
0.01445238079343523
0.01621260715054942
0.02635044940225371
0.01158043349182213
0.007411477329966786
0.0206065547990275
0.01921690230841165
0.01584203328405108
0.01990511129190634
0.03791764902544546
0.02551665803888342
0.02005069367178194
0.02325351061401786
0.02466963280688275
0.03287519727434431
0.01778754559192029
0.04372771657430208
0.0206065547990275
0.02718424076562399
0.03505893559246273
0.02658867541250292
0.003705738664983393
0.02241971925064758
0.01083928575882545
0.02658867541250292
0.01204365098869408
0.01908455445216252
0.02742246677587321
0.02612545791563097
0.02384907596713894
0.04765844770840236
0.02227413687077198
0.01226864247531681
0.04580557772091457
0.0327825536439707
0.04765844770840236
0.0457394051027822
0.04134545647180998
0.02334615424439147
0.02334615424439147
0.02764745826249594
0.05136418637338575
0.08126155819211688
0.1249363353619209
0.1240760746237996
0.2807758840230795
0.4093914880202367
1.46875631416237
1.743139802427082
1.345500798998298
1.326508891778988
1.179933689780288
0.928446372459223
0.9681507234389966
0.9743578352115967
0.9150792432355357
0.9835957118443081
1.115083261505588
0.8440217074457106
0.9930056395766499
0.9188776271683829
0.8830510803631374
0.990107224210278
0.9996230314066122
0.8089230715573489
0.9024532696047982
0.8477671460790949
0.7660688486073043
0.8342676762041155
0.8241033596651894
0.8136611138726328
0.7903546671290974
0.7009537233101143
0.7873371407225892
0.7658438538457011
0.8071496139515887
0.6755561789313516
0.767048220385562
0.7108665704727173
0.623530252294226
0.6684490992472722
0.733233358833816
0.590655057312368
0.6075955750523033
0.7374287827329321
0.6048295052496941
0.5989267940704639
0.6094616789084214
0.6301079382608225
0.5805304495842902
0.6317225825655591
0.5649795777850098
0.5368027313724979
0.6411192764292707
0.4534897797710293
0.3813602236601022
0.4704038323936882
0.440479990872708
0.4495325851571429
0.4365227916738489
0.3706003456980317
0.3786338567733765
0.3519525403504843
0.3034603019337078
0.3011971545088422
0.3499540853631365
0.255947436605181
0.2235751610535842
0.2027965564649184
0.1635554282219855
0.1291052918512743
0.116201380451957
0.06938995699306111
0.07197074051741716
0.07568971370602702
0.05169505437651833
0.04514383974966112
0.02955326634448963
0.01250686848556602
0.01584203328405108
0.02834890111462101
0.01917719808253613
0.03061204821198851
0.02977825783111237
0.01977276343565721
0.02204914538414924
0.01074664212845184
0.003335164798485054
0.004764521514976417
0.01167307712219574
0.02621810154600458
0.02777980611874507
0.03186935251885718
0.01667582464742137
0.0178801892222939
0.0178801892222939
0.04098811745643616
0.01514058977692992
0.02370349358726334
0.02324027609039139
0.02324027609039139
0.02181091937390003
0.024550518819264
0.02787244974911868
0.01834340671916584
0.01574938965367747
0.01977276343565721
0.01000549439545516
0.02501373631613595
0.007040903463468447
0.01454502442380884
0.0272768843959976
0.02084478015428061
0.0178801892222939
0.01120985962532379
0.01621260616805527
0.01371123306043855
0.01454502442380884
0.003335164798485054
0.02560930232425312
0.01560380727380187
0.02453728495063363
0.01263921634181515
0.02453728495063363
0.01574938965367747
0.02718424076562399
0.01537881578717913
0.02658867541250292
0.02764745826249594
