0.01825076308879223
0.02417994495276566
0.02751511040624681
0.04339684791617341
0.04456150826517042
0.02909004884761768
0.01750961535579556
0.02621810154600458
0.01917719808253613
0.03085027520473187
0.02334615424439147
0.01167307712219574
0.02371672811088981
0.02825625813924349
0.01120985962532379
0.02788568427274515
0.03816910890432505
0.02936797908374241
0.03505893559246273
0.03793088289407583
0.02575488404913263
0.02279029311714591
0.007040903463468447
0.02417994495276566
0.01083928575882545
0.02288293674751953
0.0216785715176509
0.02334615424439147
0.01871398058566418
0.007504120960340395
0.008337912323710683
0.004168956161855341
0.01500824192068079
0.02060655381653335
0.01167307712219574
0.03483394312334585
0.01954777194903447
0.03362957887597137
0.01204365098869408
0.02992384021098797
0.01574938965367747
0.01991834581553281
0.01954777194903447
0.01954777194903447
0.04409829142329457
0.01584203328405108
0.01871398058566418
0.02788568427274515
0.02001098944590642
0.01120985962532379
0.02325351061401786
0.04551441263366532
0.04825401306152344
0.02954003247585926
0.0320546404346005
0.02848124962586623
0.01908455445216252
0.05626105476211715
0.1074928942617479
0.1303625961581429
0.3158215847644177
0.9315565585435092
1.060000099651106
1.044038954016927
0.7779669155786325
0.8632915455561417
0.6598067899326702
0.6027913512764397
0.6866866215899751
0.5917270750134855
0.6836426320311787
0.6931054896705753
0.5486081520934681
0.7344641881984669
0.7714421693440322
0.6489807321475103
0.5867110873971667
0.6107322183939127
0.6318284574445787
0.6415163154130453
0.6188451359560202
0.6362753428600647
0.5939240416327676
0.6647168902250437
0.6243772749062423
0.5984900446383508
0.663988974395689
0.6283477122312063
0.5106243366723532
0.6095675577174177
0.5891859996449816
0.6073838138318324
0.6254492916248657
0.5325676042300004
0.5007114832872873
0.5674809522026187
0.5551196657694303
0.546186191040081
0.6165555191564036
0.5153623865200923
0.5441480344468421
0.6087999429021563
0.5729469168972183
0.5138403783132742
0.5798422340508346
0.5094067267664186
0.4374889302384722
0.4888795833666246
0.6150335191370366
0.4684980193992238
0.579273141019947
0.5781481770368723
0.4357816475433308
0.4401358853984665
0.5055818809912755
0.4777358989794176
0.4600542331789876
0.5422686898446345
0.4923735653961098
0.4729713794294295
0.3506158249718802
0.3596022397607238
0.2864933079415625
0.3330268041118161
0.2893387871784168
0.2461404623566093
0.1608290610077617
0.1489309946914296
0.1668111829312293
0.1202776920009445
0.09780503203580668
0.1150367184654697
0.106592928642755
0.06569745514419052
0.05140389059926127
0.07910428662876506
0.07938221653739175
0.06821206179293958
0.06977376636568007
0.03611771844245575
0.05737277734410632
0.06154173350596166
0.06737827173956148
0.06029766306772337
0.04521001236779349
0.04010138734356387
0.03098262207848685
0.03552215308933468
0.01491559829030718
0.04567322986466544
0.0544611251616216
0.02612545791563097
0.03038705770785992
0.04723493443740593
0.02384907596713894
0.01825076308879223
0.03079733580023378
0.02538431018263429
0.01226864247531681
0.0377058914074531
0.0236240844805162
0.01704639785892361
0.01680817250367049
0.01204365098869408
0.01862133695529057
0.007504120960340395
0.0141744505573105
0.0141744505573105
0.04067048233943981
0.02158592788727729
0.03085027422223772
0.01954777194903447
0.01083928575882545
0.0358530220749614
0.03552215308933468
0.02560930232425312
0.02316086698364426
0.01500824192068079
0.01083928575882545
0.0141744505573105
0.003335164798485054
0.02001098944590642
0.01120985962532379
