0.05215827220088833
0.03242521430109883
0.03709709153070555
0.02560930166925703
0.04951131638589796
0.03324577048584655
0.04821430818065182
0.02482844905538873
0.05344204653750409
0.03852644824719691
0.05214503833225795
0.02746217100174872
0.03376192673222049
0.05438171605487446
0.03922789175431807
0.04187484756930844
0.03640888254721086
0.0599667944095947
0.03422514422909244
0.01000549439545516
0.03455601386971526
0.03159142228273245
0.0422321869121803
0.02870624111248897
0.03983669097606952
0.02968561420073876
0.04391300350755126
0.0692973133626875
0.06377841024608402
0.07850872225813814
0.05520227289461827
0.03793088289407583
0.08577461753572736
0.07178545391166603
0.07739700065864312
0.07404860133653159
0.05112596036313654
0.03042676193373544
0.03815587503569467
0.04493208213166876
0.07202367926691915
0.05391849855800251
0.03181641442435128
0.04241747417292752
0.0650754200888204
0.0602579585143498
0.06224317537559258
0.07665585423563863
0.04493208278666486
0.08549668762710068
0.04882310740240327
0.05223768196263156
0.06238875873796233
0.06105204565184457
0.06807971524668265
0.05271413398312998
0.05905359328448118
0.1280200386440361
0.1791989384116707
0.1570571477596577
0.3603830953220745
1.5198822588056
1.423308075456829
0.8365969910071447
0.590496233858905
0.6348592239421803
0.6456985024960487
0.6869380883463136
0.7745788061356806
0.7619131191091223
0.6587744666324867
0.8848509998111934
0.9348917056570997
0.8765924956117358
1.000562696994006
1.008543266699864
0.8181344653878894
0.99823337662351
0.9936144469858526
1.129085656705793
1.070786440110469
1.013254851430327
1.020838385754889
1.095747241934577
1.096673669068368
1.032021773712976
1.1764264692972
1.042887528519054
1.013598952319596
1.139938178625736
1.020957493847543
1.169597321486735
1.179324885973564
1.157699252550419
1.026741089729162
1.112184842536738
1.108227639080404
1.268659653244438
1.265112731810454
1.122521201332847
1.083478599131762
1.154059685848571
1.264027482533193
1.166063631301398
1.345540499621695
1.33145868909228
1.333973305238472
1.261737873266031
1.332252789984693
1.434570883329098
1.435431143412223
1.431129836119138
1.392748972544303
1.414692236171974
1.395157694489091
1.344097919844009
1.455812702794651
1.470582708225145
1.205662099542198
1.247695773839951
1.29557920059005
1.112555412473259
0.9304580544377421
0.7808256211516621
0.5704587714357691
0.4138516109068315
0.3434690400794312
0.2880153092709217
0.2924092562644036
0.2352614687694298
0.1908323106529949
0.1672214606961051
0.1773195964294476
0.1465619658375834
0.1427106444652264
0.1414004027188479
0.07680143465052594
0.09282875454032814
0.07943515659688594
0.08503346947523263
0.09073765887008918
0.08406732960061712
0.05571842848599612
0.04678495146416046
0.04571293409054096
0.03853968277082338
0.04135869132293449
0.02899740521724407
0.0415042737028101
0.04104105620593815
0.03779853503782671
0.05438171605487446
0.03042676193373544
0.04456150761017433
0.03650152617758447
0.03270314388222747
0.02955326634448963
0.02649603178212931
0.02853418837536822
0.04029990912793757
0.03733531754095476
0.0340001527424697
0.03353693524559775
0.02566224041875902
0.02566224041875902
0.01862133695529057
0.03733531754095476
0.003335164798485054
0.007411477329966786
0.01111721599495018
0.04363507392642262
0.02575488404913263
0.0178801892222939
0.0367794564137092
0.03181641442435128
0.01491559829030718
0.02848124962586623
0.01899191082178891
0.02204914538414924
0.02334615424439147
0.02899740521724407
0.02195650175377563
0.04511736873741988
