0.03325900500947303
0.04180867495117607
0.04685112670227722
0.01454502442380884
0.03732208367232438
0.04125281251393832
0.03075763157435826
0.06733856751368596
0.03779853503782671
0.04862458692802177
0.04074989210118304
0.06316961036933648
0.03287519629185016
0.08414674001735645
0.05566549039149022
0.03898966574406886
0.04076312596981342
0.03814264051206819
0.03325900500947303
0.04491884826303839
0.04468062094279698
0.05125830821938567
0.03648829230895409
0.03587949112221435
0.06446662021207285
0.043621838420302
0.06043001190646664
0.05505669116973877
0.04056460484043582
0.04362183940279615
0.05959622054309635
0.0528067769585075
0.05233032559300517
0.05757129749098977
0.02811067575936789
0.05742571674860441
0.06770914039769016
0.03227963192122323
0.05099361250688741
0.06780178501055791
0.07056785481316703
0.05410378581874973
0.06789442831343347
0.0659092107971946
0.07058108868179741
0.03742796117132836
0.05242296922337878
0.03037382383922954
0.07054138445592188
0.06076088154708946
0.02144034616239778
0.04408505689966809
0.04997453388276991
0.06159467291045975
0.0480290215749007
0.05873595947747702
0.06066823791671586
0.06604155865344373
0.1509029763740498
0.1995804981215969
0.3492791109032684
1.076702393018282
1.149758380520475
0.8500567628787115
0.8133831872389867
0.8144419671414973
0.6417148352324308
0.6135247549512884
0.6593170965110863
0.6636183972542102
0.744866723215187
0.7355891443215884
0.6988361533526536
0.7340539055211204
0.7386596071851123
0.7919031434006744
0.8584079159485115
0.8459407461213542
0.694045161480432
0.7652085832842104
0.7771595929350171
0.6341048397205689
0.9315433069899842
0.8136611178026094
0.6940186947256655
0.7453167048784403
0.6117115852596996
0.6890027130043114
0.714228215780887
0.6741268140274089
0.8236401411858234
0.7495518333309299
0.7133944050951319
0.7735861929563376
0.7618204787537292
0.7359067755086082
0.8663355452673775
0.868519276708037
0.7684378682912051
0.823666607613092
0.7573338828899048
0.7500679833548409
0.8570711946749425
0.8277561520482157
0.7956485787590781
0.8312766136048915
0.740896286872717
0.8533654609224298
0.7290379283847389
0.7835387499122829
0.6962686027144338
0.6979891251731705
0.814508149257073
0.8035365035245706
0.9224774788369189
0.7811432559411604
0.87562635409963
0.6598464895735731
0.6788781036387433
0.7939148171917423
0.7570427220601302
0.7094107427439846
0.5122919095741524
0.392689192033076
0.3724399749394302
0.2238927948605883
0.2074949017592839
0.1331419001568805
0.1748843985599476
0.1453443670665825
0.1394945952918503
0.09282875519532424
0.1038400950012626
0.1048988765412635
0.04978924727701878
0.06377841122857816
0.07304275690854251
0.0939669458420722
0.08990386717922084
0.02051391116865389
0.04195425667605557
0.04708935205753033
0.07166634188903558
0.05866978423936026
0.06330195920807975
0.05270089945950351
0.04731434419914916
0.02051391116865389
0.02325351061401786
0.03816910890432505
0.02991060634235759
0.03422514422909244
0.05374644647587787
0.04670554432240161
0.02801803212899428
0.04518354397553664
0.01574938965367747
0.01643759863717215
0.02216825937176799
0.02431229248151674
0.02288293674751953
0.05099361250688741
0.03181641442435128
0.03693827397220737
0.02681366689912566
0.04421740475591723
0.02537107631400391
0.04277481286080329
0.04217924750768221
0.0251328503037547
0.04299980434742603
0.03454277934608879
0.02944738884548564
0.0159743811403002
0.03311342328459352
0.02574165018050225
0.01762872934341431
0.03908231002943856
0.02968561420073876
0.02787244974911868
0.02227413687077198
0.02824302361561702
0.03717650129244877
