0.008321564905123697
0.001574301061087421
8.493079249525355e-05
-0.005425880746250706
-0.0009438912051596812
-0.01230646664321068
-0.004683551145717502
-0.003247289530312022
-0.007032042291636269
0.007770102249369735
-0.0006990221195987292
-0.0050069694518156
-0.01233843988960697
-0.009559084960658635
-0.002780652527386943
0.005686107296718373
0.01196511385829321
0.01425913296129909
0.03261416569529545
0.03504609385882283
0.02909098360465751
0.02843509254134482
0.02196146002305405
0.01847071251610205
0.01514056730194993
0.01175765032392173
0.01102104005847304
0.002870996011465433
0.01662581401788408
0.01034433858114339
0.002957930289474981
0.009306598754067506
-0.003110688373756906
-0.001276605679387493
0.002228014714395007
0.0004448161538069447
0.001885882323785197
2.820647898174468e-05
-0.005898097352612586
-0.01125752732955984
-0.0122079717860158
-0.005738371994257683
0.00176701291708187
-0.001916837878525257
-0.004736537884344303
0.0008387466493461813
-0.00860115455552226
0.002521999956419071
-8.961130377082598e-06
0.007680899009019846
-0.005124588513613811
-0.009735820199629026
-0.007400365878960916
-0.002205564158170351
-0.005462864358421592
0.001784214500470885
-0.002895704359703121
-0.006157728915457569
0.0006216502571034999
0.001427143207928609
-0.007518135598816332
-0.004804707847402564
0.02700417016499809
0.1044900729986174
0.2310330044212086
0.3832996643724896
0.5067894687610013
0.5778273234055156
0.6239964789932683
0.6212622303338278
0.6355280019342899
0.6319391906616234
0.666615658572742
0.6740623639807815
0.6717357789831502
0.6546041255905515
0.6407173854254541
0.6132707874334994
0.5984297043510846
0.6110992181513991
0.5784768004502568
0.5527555931891713
0.5369275818978038
0.4997973041165443
0.5157572788496813
0.5045588051988965
0.5060002608668237
0.4955208706004279
0.5103910803085282
0.4830184638322819
0.4859312224600996
0.5064176310385976
0.5101913332584358
0.4707532910009225
0.4560159950384072
0.4304020299265782
0.4075977823563984
0.4159309886662023
0.4201832558471887
0.4107086098797265
0.3978943603024596
0.364941411784717
0.3657921393002783
0.381216301094918
0.3789488966798499
0.3828809124728044
0.3722523354171288
0.3447996076817314
0.3363942207236375
0.3256602823024705
0.3301434823356214
0.3231931020993562
0.318627555499829
0.3075885992674601
0.2956646322050974
0.3183886904624246
0.2999528030909243
0.2917821499563399
0.2879527724747147
0.2849088551565295
0.2793547623968196
0.3060859396521534
0.2817978209239386
0.252173551003493
0.2446613764567744
0.2136837181502155
0.1856952331561063
0.175223473636877
0.157756170324449
0.1513730149405698
0.1242165997779618
0.1176886233623095
0.1102087839792061
0.09742257701942608
0.1059557653012841
0.09917895677721217
0.08874020568050799
0.08337702680866987
0.08535885600750112
0.0805618809314356
0.07149376523947078
0.05956094918240394
0.05541306309446338
0.06439986510113591
0.05312686117776182
0.06985948266949327
0.05900878652131984
0.05422178903106777
0.04568934249913409
0.02317233612051322
0.03861814934671635
0.04028401808768865
0.03582690843558382
0.03599983438228568
0.03376118472910353
0.02526035158163203
0.01666666601973009
0.02775137802763354
0.02658050823291497
0.01771064754575491
0.02144727682960885
0.01576787888050257
0.02290727394921262
0.01150572852098516
0.01143586687699315
0.01539926015816274
0.01007603596718538
0.01347270272561305
0.007144209163795624
0.004908381366736389
-0.005364010742466364
0.008674033507261248
0.007169798138507065
0.006373390377986999
-0.0007639128321205222
0.003026173461139912
-0.01165487534100456
0.003423591865049232
0.00852802227849939
0.006264012922266764
-0.0009441309985482977
0.003198687973920079
-0.001905215782157722
