0.03360595322169135
-0.01483025756568591
-0.01911937335895566
-0.02241409435827879
-0.003242571586309413
-0.03510775287260061
0.0218718373773161
0.02047555360400419
0.01887676177675907
0.06283520044821901
-0.01807581497104888
-0.04569216087166621
-0.04509905582906173
0.01174537061889251
0.05911390888914685
0.07941063981883179
0.07605899798966076
0.0853698093056587
0.1373862951390905
0.07699853182316443
0.01499372859305634
0.007768839605069891
-0.0116647955876245
-0.008452357713869514
-0.006461800515503784
-0.006355107251161177
-0.002709033998983555
-0.001018790632392908
0.0621597195447373
0.000566154100420764
-0.02125375715458191
0.006523321206038987
-0.03940725429643079
0.002445782752552635
0.02560407694778028
0.01250634719091606
0.01121525406776522
-0.01214833159348725
-0.04169508016350149
-0.04139875196404257
-0.003865250832546721
0.04648942192357044
0.05065333534551585
0.0006118744963398088
-0.007568840163130529
0.01124962143219421
-0.01345162606425658
0.04707214303901434
0.02834047121202918
0.02357153443840147
-0.05465041585506538
-0.03987571696373624
0.009447931300637546
0.03099102754136812
0.01286066668770202
0.02929182365006537
-0.009240738649104475
-0.004988250498103513
0.03016902139507074
-0.005150113722833024
-0.05179119965963587
0.04474879938868573
0.3369250539273608
0.8050839827747511
1.31465552386259
1.624980559606065
1.555266787868283
1.256167430631947
0.9758650997285367
0.711217924504902
0.6953631868996022
0.7111341526572454
0.8528471679827825
0.7763157170009943
0.6574923712354096
0.5425557823094692
0.4893984969222169
0.4398947399748472
0.5105379082197808
0.5836438885334774
0.4048580762001689
0.3439563436534221
0.3438513496302988
0.3303146852186015
0.5121042146233415
0.4863333733080989
0.495059876880423
0.4781131470952148
0.5130053769470648
0.3987977726865102
0.5128990115744347
0.616612153358202
0.4996656731972265
0.2712053957196781
0.2614623073589027
0.2338464980160277
0.2818944926226185
0.4332000858339414
0.4474183694582729
0.3545603975569552
0.2597032153768628
0.1940894867739887
0.3473370196773668
0.4602807812943628
0.4216464180404371
0.3870649462880382
0.2787677273710162
0.1830220985737543
0.231640132791331
0.2722621259986245
0.329738003749629
0.2964781624831672
0.2690908906610849
0.2371461674364109
0.2713171065096921
0.3736625144085727
0.2443040077127134
0.2248771654024468
0.2483836020910238
0.2706230902650497
0.3128286077351163
0.3817316142239818
0.1683017288911539
0.06525303175896974
0.08898848025169485
-0.0007039803224450215
-0.0147212337894221
0.04687822307250186
0.04604150750813366
0.04579577185998338
-0.02226577082386726
0.02849451057437567
0.04459807124404837
0.05182186525760173
0.117745123023722
0.06787570141529119
0.029926877843911
0.05118130712486094
0.08211166296093018
0.04948641936454658
0.003702865885573027
-0.01277521843379048
0.03528089851093993
0.08926060619300591
0.0598323847951794
0.1208459890868175
0.03424027115602094
-5.182818055988796e-05
-0.0423900017943809
-0.05978440193623049
0.0816054909810552
0.07411899163724865
0.03466021579577251
0.03160720973426154
0.009390431268377642
-0.0255684748614304
-0.008154426277678307
0.06761511372680451
0.0322727849401044
-0.007802044414763913
0.02201032755990423
0.01382755907747682
0.03313787108601493
-0.021110143261422
0.007882702624080543
0.03085494316847981
0.008124679075963937
0.01698158252191121
-0.01834785691809563
-0.0259349727417645
-0.02235550379488584
0.0633150875956356
0.03029199643381048
-0.0002218348222662705
-0.02680345874031428
-0.01218223378136701
-0.03515464271500947
0.06938398176381175
0.05921986596983375
0.003983145237817889
-0.02008860821696825
0.02608335171410941
