0.000467607404026863
0.0105766316896333
0.01103402951498555
0.005543014742041513
0.004399131609071617
-0.004229358429538792
0.01718131093639734
0.01052935854924336
0.0127685538807998
0.02342507874809912
0.01776956201448922
-0.004339048948711662
0.01102389926643921
-0.01048893601432
0.01547352994970132
-0.004297711203584869
0.02045618980486032
0.01422401413965348
0.006942750837910792
-0.01177839307878095
-0.02139534314731279
-0.002201383331583383
-0.006785461986419598
-0.007462593638944757
-0.009222317353859758
-0.01621522312900016
-0.01462512321313451
-0.03003993473003237
-0.005165134379515332
-0.01921512128408798
0.006274820917368049
-0.01084406330906768
-0.01558349648057001
0.01434174008396279
0.005103104875621054
-0.001903921764493845
0.004867389840983796
0.01453784363026734
-0.002792997322075597
0.007384750554944706
0.0150269468455893
0.002461628574464056
0.003201238656241689
-0.004106370182393451
0.007422454333132654
-0.01031312065793249
-0.01444614118043605
0.01583737645867384
0.003197455119477207
-0.003601000292790461
0.004444982418951033
-0.003232196338253517
-0.01499665635361397
0.008547292477665362
0.008799276200713682
-0.001032766353488825
0.006227730001747551
0.0106182232953187
0.01391872278168455
-0.002246221082313593
0.006864492054422068
0.0232279443804717
0.05904861890732746
0.08853380771623023
0.100423182648967
0.08299207640711442
0.1240047648231502
0.1181519682968742
0.1239877442951525
0.1285130457811671
0.1387209887277349
0.1855988981705373
0.1991756013835427
0.2260109922370045
0.2311689668269007
0.2110557514416782
0.2384894595805277
0.2542950520755802
0.2886775697936514
0.2863001678847276
0.2955953574383014
0.3036814760753503
0.2906608267123472
0.3101015327858714
0.3697846354211956
0.3496371937908546
0.3637411926252593
0.3437034530212552
0.3325752125075265
0.365773980049693
0.4125135018119153
0.4043656270137018
0.3942441402995153
0.3670533651876767
0.4048051075578107
0.3952251824637754
0.4093785610610184
0.420914502600761
0.4236094461182147
0.4061074529282064
0.4108876074036276
0.427749843876345
0.4549982222104873
0.4577851534452668
0.4338941485754846
0.4246866211734027
0.4233621711132627
0.4231810952261112
0.4437406510208337
0.4440756779881301
0.4570546974981082
0.4212233066535198
0.4130518963719697
0.4204989646283118
0.4350931639455248
0.4538135319150685
0.4210161958897836
0.4205777918383786
0.4302258403419599
0.4425796106166895
0.4631666573809577
0.4699086320686415
0.447079528930688
0.4589515048049308
0.4396004858679875
0.4354402166595004
0.4156691116776846
0.3711860882643774
0.3283661637340148
0.3093363188075123
0.2767591335466381
0.255984322429979
0.2449291616174664
0.2109961357334329
0.1998741256668129
0.1759215476487806
0.1768740984536279
0.1633832541560233
0.1488316765262913
0.1454951843341377
0.1332267345494851
0.137312572709373
0.1240373858878696
0.1153056683532637
0.106328434654301
0.09731971128072975
0.09215962763704445
0.09564105547220585
0.08143984424432033
0.09244512614367666
0.0812839407953737
0.06280356610258078
0.06850040104272294
0.04765720379278349
0.05930389312338583
0.04491661039896495
0.04671992360921113
0.04678935195199817
0.04079616619755739
0.0525889413039779
0.03505267154102452
0.02952561293321865
0.01932031759366454
0.01905266536329249
0.01199020336068082
0.01408485408026682
0.01702548621554227
0.02542283101911903
0.01399351202461769
0.01395213603839578
0.008881840705907265
0.01620928885049893
0.002382855508003698
0.01522715732005204
-0.01294572689566918
-0.01240687262600509
-0.0003186711226143942
-0.004496632220573238
0.005466839277865258
-0.005957313637977102
-0.004483038255359649
-0.009144453737274584
-0.003813099176246027
