0.04828866529614014
0.05941985026736073
0.01962485301368742
-0.02110477125596017
-0.02543294032911474
-0.0009828778870462367
0.05912819651169925
0.03992035393691035
0.03988610572515464
0.028596589573757
-0.03712855662046301
-0.07918173191143386
-0.0320514459254515
-0.02798712246040858
0.0417625563788085
0.02502066304447668
0.06049176665186193
-0.009445074416910879
-0.08420506266253114
-0.1220052979638696
-0.06975414385486417
0.01472842446186327
0.002400873357725796
-0.02027720590894622
-0.04496698313078672
-0.06425360356758741
-0.05723635371408042
-0.0411171779989833
0.03178944832593519
0.01832074188839483
0.03917189564096637
-0.01839046522826682
0.009752089041096659
0.07119022243348393
0.01430882479017969
-0.008918784160613539
0.01645168341406547
0.01708672815028564
-0.01619997461266177
0.01962688197399942
0.01527648493936746
-0.03182763891585409
-0.03534584998744381
-0.03501177202020029
-0.02164474991447567
-0.04945641592730981
0.0020633542609518
0.06768406866824653
0.001251585389192625
-0.02929985400190183
-0.02290402087804946
-0.04135659438036998
-0.01817963651590919
0.05432114927193603
0.02993157449603163
-0.001756981939696073
0.01805572708404269
0.01603103532717291
-0.01100717753671942
-0.02501232640472086
0.07720914793719821
0.2137395362775772
0.3256204447493879
0.3212292448908554
0.2305892335509188
0.1663101452878546
0.2259674934928858
0.1756843458146046
0.1719374729142866
0.2184191902043661
0.3275858912197796
0.4525679797532033
0.4376761917281101
0.3896097620472569
0.2876332841816536
0.245022462367056
0.3648267376501321
0.4455150034084561
0.4732265599497599
0.3929298610495196
0.3536443018801458
0.335737880035835
0.3597600297323266
0.5032108672545215
0.5859998912859605
0.4309763616096327
0.3480615438563727
0.2824720093483208
0.371651237395935
0.5661718737507163
0.6198784055036185
0.4554892500080924
0.3281909221487195
0.3186771912023499
0.4530871375446027
0.4630973437041778
0.4946126644554823
0.4798778844640166
0.419030329197121
0.3788280781477585
0.4585373429370612
0.560760760431849
0.5832268442616426
0.46703360192121
0.3345693112854645
0.3243104367438256
0.3847224246710739
0.462771500572967
0.5282144489176691
0.4916895430766903
0.4137828592513748
0.2922380742302033
0.3354635789265877
0.4460396868172395
0.5102865062043709
0.4698008852518632
0.3510641563181211
0.3914286309552564
0.4887089179301445
0.5638663278516369
0.5812916718545597
0.5057578973337463
0.411171960903153
0.4054832637877412
0.3418118514899722
0.2820401902582744
0.1523236289764119
0.004712198157585787
-0.04695189234476161
-0.01504679951918543
-0.006214002589443591
0.01905239282148025
0.02269749686076994
-0.0168788689215587
0.001269516926767927
0.01621041327529637
0.06036735874067448
0.04796315351527292
0.0395531389833426
0.05669817669945881
0.06119958335487806
0.07296939828932687
0.03536404422323629
0.01428648885947874
0.006781937138278008
0.01434506250201607
0.03799271899291039
0.05753201807973846
0.04515136494486291
0.05593002503579701
2.598193418059157e-05
-0.0356765427782898
-0.01511202765751031
-0.02503637494697582
0.01495619900125703
0.0004190134898240511
0.02167019106405216
0.03201625420350076
0.03048126666855784
0.0269634652066011
-0.04072951001603688
-0.06130158376751788
-0.0622038117457468
-0.03779356339193193
-0.02058583973317259
0.01519685431421866
0.03722280190464756
0.03044381113693065
-0.01575306848480641
-0.01919477583867985
-0.0148222790259796
-0.005230564651287501
-0.03672195228945743
-0.04405705428547777
-0.09863709721983251
-0.0432943056286309
0.0173672723553508
0.01570780389968621
0.008218877282142767
-0.03497856065833225
-0.02806733616887841
-0.003043980994166466
