0.103760682619535
0.0518803413097675
0
0.0518803413097675
0.103760682619535
0
0
0
0
0.0518803413097675
0.0518803413097675
0
0.0518803413097675
0
0.0518803413097675
0
0.0518803413097675
0.2075213713523669
0.1556410300425994
0
0
0.0518803413097675
0
0
0
0
0
0
0
0
0
0
0
0
0
0
0
0
0.0518803413097675
0.0518803413097675
0
0
0
0
0
0
0
0
0
0
0
0
0
0
0
0
0
0
0
0.0518803413097675
0
0.3891025689932016
0.3631623952816694
0.752264970388168
0.5706837727473333
0.1815811976408347
0.3112820539719019
0.2075213713523669
0.3631623952816694
0.2594017126621344
0.6485042877686329
0.2594017126621344
0.2594017126621344
0.9079060004307673
0.8041453178112323
0.2594017126621344
0.5966239403455685
0.7782051379864032
0.5447435929225042
0.648504281655336
0.7522649765014648
0.6485042877686329
1.115427347329947
0.5447435929225042
0.5706837666340363
0.5188034253242688
0.6225641140571008
0.5706837666340363
0.6744444370269775
1.037606850648538
0.3631624013949663
0.8819658267192352
1.037606856761835
1.115427371783134
0.9597863356272379
0.5966239464588654
0.4409829041896722
0.4928632577260335
0.518803419210972
1.193247880691137
0.4928632516127366
0.20752136523907
0.6744444553668683
0.7263248027899326
0.8560256530077029
0.5966239403455685
0.7782051318731064
0.2853418802603697
1.089487191958305
1.011666683050302
0.752264964274871
1.011666689163599
1.011666683050302
1.6342308032207
0.8819658267192352
0.5966239403455685
0.6225641140571008
0.3891025689932016
1.141367545494667
0.9597863417405349
0.6225641140571008
0.5706837666340363
0.2334615389506022
0.5188034314375657
0.1297008563310672
0.1556410239293025
0.0518803413097675
0
0.103760682619535
0.0518803413097675
0.0778205150212997
0
0
0
0
0
0.0518803413097675
0
0
0.103760682619535
0.0518803413097675
0.103760682619535
0.0518803413097675
0.103760682619535
0.0518803413097675
0.0518803413097675
0
0.103760682619535
0
0.0518803413097675
0
0.0518803413097675
0.103760682619535
0
0
0.0518803413097675
0
0.0518803413097675
0.0518803413097675
0.0518803413097675
0
0.0518803413097675
0.0518803413097675
0.1556410300425994
0.0518803413097675
0
0.0518803413097675
0.0518803413097675
0
0
0
0
0
0
0.103760682619535
0
0.0518803413097675
0.0518803413097675
0
0.0518803413097675
0.103760682619535
0.0518803413097675
0
