0.02251359814968374
0.03740490348223183
0.02584835133883688
0.02375543279333247
0.04020973616855012
0.02086495617214176
0.02462792803065644
0.03431102349559466
0.02426929499556621
0.0262979809416665
0.04182090911302302
0.0276201061838203
0.03471783133198818
0.02108977097355657
0.0285086599227455
0.02352526495705048
0.03250179941654206
0.02005669353422191
0.02324157008859846
0.03120643774072329
0.02502403029981587
0.02234231088293923
0.0254468964368105
0.03958346646510893
0.02486880113267236
0.03821851925551891
0.02878700215833055
0.02676366874459717
0.03662875724451409
0.03460007079591354
0.03508181699994538
0.03749054741710425
0.03401662285890844
0.03022688753455878
0.02270629645039638
0.03380786625759469
0.02661379221032063
0.02339679915524192
0.02678507967806525
0.02963273413081964
0.03023759290079276
0.03703556528190772
0.02407124365998639
0.04652596184313298
0.03273731958419084
0.03907495629274183
0.04644031810926067
0.0478159703835845
0.02951497399674522
0.04332502688765526
0.04299851045376725
0.0533506970870826
0.04292892461849584
0.06146008854011695
0.06572621753613155
0.07917763719095125
0.0470184134133988
0.1200243488311768
0.1669464125414689
0.2252858587346143
0.4481629863485694
1.640479070915779
1.759127767070631
1.415455494709147
1.154118983179662
1.190678149664402
1.084929543939067
1.08020308148149
1.047599579728974
1.053294886121982
1.139811122266617
1.177339140425291
1.085352410679062
1.08917961383048
1.132997093695402
1.098926944708824
1.12958740123411
1.217291943884724
1.096705560261011
1.08722586866402
1.130925586083366
1.02684703166104
1.054386846140855
1.180550780847503
1.014958611053891
1.125990364511973
1.087354332958328
1.041219119444986
1.08682976649536
1.116789017663068
1.017709914195538
1.026857737027274
1.02350692583902
0.9670516427960661
1.064198406101101
1.079009421840145
1.005157754550378
1.031209508651661
1.098049094125132
1.031305854736765
1.017388749389516
1.054788302851882
1.031305858254267
0.9346890141455664
1.05813376180927
0.967940196032491
1.032911676957872
0.9937082549638219
0.9567583362297879
0.9649747823501627
0.9476479844411215
1.014300223744247
0.9567904527304901
0.9573150198969577
1.004258495344718
0.8641346316148839
0.928324615177181
0.9753965534117487
0.8276450452369122
0.8671268091650473
0.8186149855542514
0.6464282430264685
0.5289357388868928
0.3993460532173514
0.303639173881544
0.2096398173943162
0.197810275346703
0.1423291895755463
0.1199065885966023
0.1145431492603487
0.09091082953545783
0.09177261950704788
0.0775985814506809
0.08138831687553062
0.06173843117770222
0.07692413674493631
0.05525627056774166
0.04359801649037335
0.04670795497861174
0.04847435678872797
0.03981898653225766
0.04438486829532517
0.04779991238448356
0.03673045897748736
0.0390535454597738
0.02540942730324136
0.03116361597428719
0.03582049450609419
0.03217528268115388
0.03238939171433449
0.0480354328536325
0.04390312219179339
0.03009842193375031
0.03827739932255613
0.04001703776733743
0.02312916268789106
0.03718544131368399
0.03616842197395034
0.04244717871596417
0.02586440953893794
0.02073113793846634
0.028899409659538
0.02648532660951217
0.03648423344360457
0.01842946238964796
0.02361626142428981
0.02446734592914581
0.01957494733019008
0.02899040602627728
0.02039926826871104
0.02015304263432821
0.01354241642355919
0.02940791932940483
0.04115181714064545
0.02006204606658882
0.02554859816978376
0.03058552077064912
0.02176421547830105
0.02187662287900845
0.0365752299108439
0.03243756651563777
0.01353706379069223
0.03841657008859847
