0
0
0
0.0518803413097675
0.103760682619535
0.0518803413097675
0
0
0.103760682619535
0
0
0.103760682619535
0
0.0518803413097675
0.103760682619535
0
0
0.0518803413097675
0
0.0518803413097675
0
0
0
0
0.0518803413097675
0
0.0778205150212997
0.2075213713523669
0.2334615450638991
0
0
0
0.0518803413097675
0
0.103760682619535
0
0
0.1297008563310672
0.0518803413097675
0
0.0778205150212997
0.0518803413097675
0
0.0518803413097675
0.0778205150212997
0.1815811976408347
0
0.3372222276834341
0.1297008563310672
0
0.0518803413097675
0.0778205150212997
0.0518803413097675
0.0518803413097675
0.1556410300425994
0.2075213713523669
0.2334615450638991
0
0.1815811976408347
0.2334615450638991
0.1297008563310672
1.063547030473367
1.089487204184899
1.34888892296033
1.582350468024229
1.167307719206199
1.712051318242
0.8300854854094677
0.3891025689932016
0.8560256591209998
1.037606844535241
0.5447435990358011
0.3112820600851988
0.3631623830550756
0.4669230901277982
0.6485042877686329
0.4928632577260335
1.037606844535241
0.4928632516127366
0.4669230901277982
0.0778205150212997
0.3891025751064985
0.4669230840145013
0.4150427427047338
0.8041452994713416
0.7003846351916974
0.5447435990358011
0.1297008563310672
0.1815811976408347
0.1556410239293025
0.9597863417405349
0.4669230779012044
0.4150427427047338
0.1815811976408347
0.4669230840145013
0.0518803413097675
0.2594017126621344
0.5706837666340363
0.3112820539719019
0.0518803413097675
0
0.1556410239293025
0.3112820539719019
0.2594017126621344
0.1297008563310672
0.1556410300425994
0.0518803413097675
0.2853418802603697
0.20752136523907
0.103760682619535
0.1556410239293025
0.103760682619535
0.0518803413097675
0.2594017065488375
0.2853418863736666
0.1815811976408347
0.0778205150212997
0
0.3112820539719019
0.20752136523907
0.1815811976408347
0.103760682619535
0.1297008563310672
0
0.103760682619535
0
0
0.0518803413097675
0.2075213713523669
0.0778205150212997
0
0
0
0.0518803413097675
0.103760682619535
0
0.1556410300425994
0
0.103760682619535
0.0518803413097675
0
0.0518803413097675
0.1556410239293025
0
0
0.103760682619535
0
0
0.103760682619535
0
0.0518803413097675
0
0
0
0.0518803413097675
0
0
0.1556410300425994
0
0.0518803413097675
0.0518803413097675
0
0
0
0.2075213713523669
0.1297008563310672
0.0518803413097675
0.0778205150212997
0.0518803413097675
0
0
0
0
0.0778205150212997
0
0.0778205150212997
0
0
0.0518803413097675
0
0
0.0518803413097675
0
