0.0518803413097675
0
0
0.0518803413097675
0
0
0
0
0
0
0
0
0
0
0
0
0
0.1556410300425994
0.0778205150212997
0.0778205150212997
0
0
0
0
0
0
0
0
0
0
0
0
0.0778205150212997
0
0
0
0
0.0778205150212997
0.1556410300425994
0
0
0
0
0
0
0
0
0
0
0
0
0.0778205150212997
0.0778205150212997
0.0778205150212997
0
0
0
0
0
0
0.5188034314375657
0.7003846229651035
1.089487204184899
1.089487204184899
1.193247886804434
0.8560256591209998
0.440982916416266
0.9079060004307673
0.9079060004307673
0.7003846229651035
0.9079060004307673
0.8560256591209998
0.7003846229651035
1.115427371783134
1.037606862875131
1.219188042176075
0.9079060004307673
0.8300854854094677
0.9338461680290027
0.4928632577260335
0.2334615450638991
0.5188034253242688
0.5706837727473333
0.4409829103029691
0.648504281655336
0
1.115427377896431
0.5188034253242688
0.7003846229651035
0.6225641140571008
0.5188034253242688
0.7003846351916974
0.4928632577260335
0.5447435990358011
0.5188034253242688
0.4150427427047338
0.5188034253242688
0.4150427427047338
0.6225641079438038
0.3891025689932016
0.3112820600851988
0.5966239403455685
0.3891025689932016
0.2594017126621344
0.1556410300425994
0.8819658206059382
0.6485042877686329
0.2334615389506022
0.3372222276834341
0.20752136523907
0.20752136523907
0.7522649765014648
0.2853418863736666
0.4928632577260335
0.8560256407811091
0.1297008563310672
0.2594017126621344
0.2334615389506022
0.3372222276834341
0.4150427427047338
0.4928632577260335
0.1815811976408347
0.2853418802603697
0.103760682619535
0.0518803413097675
0
0.0778205150212997
0
0
0
0
0.0518803413097675
0
0
0
0
0
0.0778205150212997
0
0
0.0778205150212997
0
0
0.0518803413097675
0.0518803413097675
0.0778205150212997
0
0.0778205150212997
0
0.0518803413097675
0
0
0
0.0778205150212997
0.0518803413097675
0.1297008563310672
0
0.0778205150212997
0.0778205150212997
0.0778205150212997
0
0
0
0.0778205150212997
0
0
0
0
0
0
0
0
0
0
0
0
0.0778205150212997
0
0
0
0
0
0
