0.05007595167406515
0.03370085926003705
0.05346206004398889
0.05646362625012905
0.04063330204352043
0.05049788019213074
0.04981424919963545
0.05134173682715306
0.05373978511275447
0.0661626377911565
0.02730784351836288
0.05272502090509346
0.0463373460281979
0.03683594698536555
0.03971467340187461
0.01788655734693264
0.0415305675268834
0.03482244096382495
0.04227828849561331
0.04493269859142024
0.04231033418567112
0.03439517158098073
0.03131883346849429
0.03836877547766179
0.03076872409546455
0.04941368464207041
0.03571970604607906
0.03437380812186625
0.03302790999709899
0.0262450112268626
0.042636126435781
0.04390191188970057
0.05924087663695315
0.04935493512950558
0.04143977262509239
0.04594212193430263
0.02964714239167665
0.03795218792465203
0.0419471546787843
0.06403697310787876
0.04688211423561738
0.05553431567837156
0.06671274646224573
0.04766188069385065
0.05042844884973144
0.05936371642658425
0.05356887754011577
0.07157293411273254
0.04798233278112243
0.08389430955812302
0.07112430127077383
0.06161756166399451
0.09041550625503857
0.06607718385442134
0.0701789683052349
0.07915162163470643
0.09886475533759118
0.1198383330279536
0.1551895192037533
0.251346456098583
0.5053847080455915
1.570556168961287
1.739386257812414
1.447924566461876
1.248357798302848
1.137054169998895
0.9186181276800429
0.9458725628514513
1.005903887475641
1.002645957854859
0.9959324928336756
0.9546796485705679
0.84347215402764
0.8794001534992536
0.8816219541496555
0.8663417397171854
0.9197130054610466
0.8607872404476954
0.7326331815610903
0.7628090676605834
0.7887122648452181
0.8201005291547255
0.8003179659144313
0.7096888241657529
0.6931321404439845
0.6727086733299784
0.7008763954760363
0.7587660322209486
0.7342087340635762
0.6853184562756324
0.6233751012584785
0.6503891983170665
0.5918907010821242
0.6869474185289538
0.6222161346042897
0.6748663828008191
0.5201682222542041
0.607747730114012
0.6514466880390756
0.6066848973211256
0.596152709871861
0.5383111425143917
0.5542002165343968
0.5633918460217323
0.5735127840752811
0.5414569102645648
0.511841813562946
0.5121355610254928
0.4189534875170685
0.4715396443334823
0.4715556677300359
0.4871029255017143
0.4616163190789603
0.4941688909074354
0.4121385413520617
0.4279368216736023
0.3928633606668454
0.4013553355645776
0.4096016319860971
0.3581423962340915
0.35508207931206
0.2526763312279055
0.2247596295258885
0.1607814058302974
0.1269577059784115
0.1122970307572123
0.09835203211828902
0.09412740747673549
0.09098163832268139
0.07011487752678258
0.06988522064213346
0.07235804083408115
0.05738225519260652
0.05104798926432884
0.05153400795918347
0.04975549978734781
0.04085761846449978
0.0534406965848744
0.04597416722325158
0.03069395198856384
0.03267541292170992
0.03493459912417601
0.05575329143512672
0.03968262811292566
0.03551141252026722
0.03173542102150404
0.03267007215720851
0.02168391240508752
0.04455883815719389
0.02783124836694507
0.04887959786337653
0.03880672638950882
0.04364554997921783
0.03671310719573445
0.04142375003075653
0.03129212904432396
0.05402285114657588
0.030298728095223
0.02599933174787762
0.02736659303092772
0.02990350400132774
0.03515891544487815
0.04276964845635542
0.05302945029775214
0.04991038496620507
0.03586925046043492
0.04157329434483516
0.03598140852050877
0.02979134594125388
0.02856294654078468
0.02418877838737024
0.0440514562037792
0.04345861971196605
0.04688211423561738
0.04476713178328295
0.03343915688588455
0.04782744760226517
0.04714381660976986
0.02280549410887542
0.04476713188356016
0.03413346920682823
0.03379699482605225
0.02863771904879426
