0.05061545053753588
0.06422745299736658
0.04043455107046498
0.04527877527011766
0.06104792877435685
0.04667048604604271
0.04790696725282404
0.04900963052743012
0.04245253175083134
0.03719614708191819
0.05739736451754967
0.03121179087609053
0.05930829022907549
0.05064756653573779
0.0621720031834311
0.048977514127228
0.04311627048734162
0.06216129781719711
0.05310447165369988
0.05386455979181661
0.05084561827331782
0.05964015919533041
0.0395941716303428
0.03835233789119456
0.03279619975172811
0.04247929531716638
0.05612341337319878
0.04759650851653682
0.04973760196384457
0.0598007415983412
0.05239791105025345
0.04146227567593257
0.05050839597069555
0.05949028276155393
0.05276189651721053
0.04444374846286244
0.07335386358913448
0.05258525641659896
0.04881157979485061
0.05152006237606208
0.064709198397398
0.05995597086598476
0.05460858983033234
0.05758470978339513
0.05255314011689689
0.06359047712369098
0.06701087384571633
0.05819492158823544
0.06199000984695223
0.07253489528348049
0.0470344715129998
0.06713933984852499
0.05791122641828326
0.05848932172242138
0.06835976265420517
0.06021825500196881
0.08426808732648691
0.08883396939105458
0.1055023829049534
0.1826459809139371
0.3382767160220279
1.03981135107196
1.13605350384497
0.9255144288529953
0.8800750699738662
0.8557736630001003
0.8321306343914735
0.7764515008022388
0.8099489089265467
0.9289883549186919
0.8820020571014948
1.208529519764914
0.9815789617571566
0.9905608480455147
0.9857701533905334
1.071713645758397
1.128425859198968
1.20463808220509
1.154418737052215
1.075321389354269
1.087664792498615
1.098739598337478
1.211168420530856
1.267398886360394
1.303315727353593
1.156570534961257
1.142444670902192
1.143504512008362
1.210954309387174
1.305039310311774
1.217131362888714
1.18197460852613
1.118769528204865
1.189521964784629
1.205184060807526
1.31207280517204
1.354321927125421
1.241984106424285
1.144371653105319
1.233253797599177
1.299145949367186
1.32656265258756
1.423645184097191
1.294778119542698
1.24529744888097
1.272639213231206
1.429747301743594
1.447079452687502
1.506414506784413
1.414031675573025
1.316927732225425
1.278875150216785
1.400200212753647
1.447138331146538
1.44421038760278
1.338145971412791
1.183312792370386
1.253877881774803
1.262795537473758
1.301934728174905
1.331915385954579
1.012036018032498
0.8332386526104477
0.629984647127986
0.4566684804727634
0.412958057285183
0.3472853657762209
0.3166516707067689
0.2529273750479023
0.2289792449588577
0.1909427187383175
0.1797073302954435
0.1774805939182639
0.131345380907423
0.1278982204180625
0.1185362894576457
0.1128463329840038
0.09509131530010038
0.09247382838212782
0.09942702952838607
0.08637706457459265
0.0923293047822184
0.05732777868227826
0.06428098013003668
0.05689956001291673
0.04738775211622318
0.05584507123811377
0.04599604144079818
0.0508563234385517
0.05289036231901911
0.05765964825153352
0.05364509792476892
0.03977616466532152
0.04538047700309091
0.04870987725787693
0.06164743521296316
0.05882654422604375
0.04581404840581947
0.02869600579159128
0.04836730242288775
0.03832022078749207
0.04931473673135043
0.03727108534905646
0.03972263753265143
0.04869381925877598
0.0390053713619709
0.04298245215316614
0.04612986027747393
0.03258209081904756
0.03772071505238613
0.04762327248487208
0.04562670263747375
0.05082420693784952
0.04794443638639318
0.05108649137533373
0.03450907473067442
0.04388171155982547
0.04132310501039028
0.04666513291067548
0.03424143786132336
0.03908030942810906
0.05373074125664103
0.05957592669642634
