0.01792095263799032
0.00505833347638448
0.009105000098546347
0.01719833334287008
0.02702595273653666
0.00578095277150472
0.01011666695276896
0.00578095277150472
0.01387428601582845
0.01416333357493083
0.00505833347638448
0.00505833347638448
0.01821000019709269
0.02702595273653666
0.008093333244323731
0.03945500016212464
0.02630333344141642
0.01387428601582845
0.02225666681925456
0.02326833367347717
0.008093333244323731
0.009105000098546347
0.02630333344141642
0.02399095296859741
0.01315166672070821
0.01156190554300944
0.01792095263799032
0.02471357226371765
0.01315166672070821
0.008093333244323731
0.03685357213020325
0.03540833433469136
0.008093333244323731
0.01893261949221293
0.004046666622161865
0.01893261949221293
0.03035000006357829
0.02471357226371765
0.01965523878733317
0.009105000098546347
0.03035000006357829
0.009105000098546347
0.02529166658719381
0.03613095283508301
0.03945500016212464
0.03860391616821289
0.01011666695276896
0.04539653499921163
0.01719833334287008
0.01011666695276896
0.02675296306610107
0.0108392862478892
0.05247820218404134
0.05074391603469849
0.01922166705131531
0.09177261829376221
0.07343415538469951
0.1130176202456156
0.2657953464984894
0.5651523399353028
2.04486739953359
2.125254768530528
2.013859017690023
1.91052449186643
1.292042872508367
1.538359615405401
1.374148459037145
1.293600519895554
1.447807424068451
1.555590077638626
1.307876266638438
1.170161129236221
1.42550258398056
1.36573395729065
1.433579858938853
1.232466945250829
1.338531363805135
1.358796818256378
1.448305237690608
1.253551359176636
1.467671415011088
1.335913889408112
1.416847206751505
1.391266506115596
1.345067057212194
1.402170026699702
1.373120735883713
1.473420259555181
1.088585464954376
1.470481603145599
1.377151336272558
1.458309490680695
1.409107159376144
1.440789992809296
1.483039119640986
1.467687480052312
1.371627323627472
1.518254762887955
1.454696399768194
1.29845009525617
1.535999064048131
1.437947690486908
1.561933059295018
1.763286834955216
1.263041763305664
1.42137563029925
1.422098242839178
1.718580816586812
1.571857032378515
1.527953901290894
1.622568821509679
1.454535818894704
1.588959013621012
1.442508217493693
1.518431402047475
1.553454322814941
1.555991524855296
1.523088264862696
1.163641503254573
1.327932955423991
1.008085697094599
0.5500576249758402
0.1586871421337128
0.1394654778639476
0.0796326196193695
0.09755357106526692
0.1435121460755666
0.1026119049390157
0.1190876197814941
0.08194500009218851
0.0917726186911265
0.09422952493031819
0.1180759521325429
0.09581928491592408
0.07081666707992554
0.1221226195494334
0.1062249998251597
0.09003833333651225
0.09206166625022888
0.04191190560658773
0.04653666655222575
0.09350690484046936
0.04697023908297221
0.0495716659228007
0.05838761965433757
0.05636428594589234
0.04248999993006388
0.01893261949221293
0.07457428614298503
0.03642000039418539
0.03338500062624614
0.01315166672070821
0.03338500062624614
0.04350166757901509
0.05304023861885071
0.04586222251256307
0.03658058245976766
0.03035000085830689
0.03282296339670817
0.03034999966621399
0.02731499910354614
0.004496296246846517
0.01865962982177734
0.02832666714986165
0.02023333390553792
0.02326833367347717
0.02949891606966654
0.0229792861143748
0.02270629644393921
0.008093333244323731
0.02978796362876892
0.02428000052769979
0.01416333357493083
0.02428000052769979
0.01405092597007752
0.01922166705131531
0.02978796283404032
0.01416333357493083
0.02574129621187846
0.02731500029563904
0.01922166705131531
0.02978796362876892
0.004046666622161865
