0.1233739852905273
0
0.04934959295319348
0.1603861814591943
0.04934959295319348
0.08882927022329191
0.02467479647659674
0
0.1357113849825975
0.02467479647659674
0.03947967436255478
0.09869918881393061
0
0.02467479647659674
0.08882927022329191
0
0.02467479647659674
0.09869918881393061
0.09253049042166733
0.04934959295319348
0.06785569103752695
0
0.07402439233733386
0.02467479647659674
0.1973983776278612
0.09869918881393061
0
0.02467479647659674
0.07402439233733386
0.06168699264526367
0
0.03701219616866693
0.06168699264526367
0.07402439233733386
0.01480487788595804
0
0.02467479647659674
0
0.02467479647659674
0.03701219616866693
0.09869918881393061
0.1110365885060008
0.04934959295319348
0.07402439233733386
0.08882927022329191
0.01480487788595804
0.03947967436255478
0.1776585404465838
0
0.2368780548979596
0.1628536625606258
0.1480487846746677
0.1480487846746677
0.1973983776278612
0.3109024472352935
0.1727235811512645
0.1480487846746677
0.07402438942979021
0.07895934872510957
0.2368780548979596
0.5613516409222673
1.364516290222726
2.228134197432821
2.320664695123347
2.715461419849861
2.370014276446366
2.34040452067445
2.46871346816784
2.281185010584389
1.867882160151877
1.851843537353888
2.044306957140201
2.064046792867707
1.918465487840699
1.513798808179251
1.55697971000904
1.556979708555268
1.044977666401282
1.304063033766863
1.329971572247947
1.251012226430381
1.040042707105962
0.7476463608625459
1.402762225488337
0.9450447326753197
1.993723622182521
1.532304913532443
1.410164670246403
1.311465482886245
1.685288656048658
1.547109778334455
1.640874025298328
1.332439056256922
1.589056945428616
1.149845550699932
1.074587422173198
1.196727665459237
1.49035776824486
1.142443119025812
0.9240711563970985
1.42126833084153
1.026471568316948
1.402762228395881
1.201662630569644
1.706262241049511
0.8870589631359752
1.352178896345743
1.648276462787535
1.512565079258709
2.004827282777647
1.381788655025203
1.637172808007496
1.591524429437591
1.278154501100866
1.53600613518459
1.1165345819985
1.339841496653673
1.370684994430077
1.518733779104745
0.9857581548574494
0.9660183147686284
1.221402453213203
0.6403109896473769
0.5342093604366954
0.821670750292336
0.3972642363571539
0.4712886286944878
0.3627195212899185
0.4515487886056667
0.4503150524162665
0.3824593584711959
0.3664207414882939
0.1973983776278612
0.3787581382728205
0.1875284561296789
0.2960975693493355
0.2344105737965281
0.672388229428268
0.4219390357412943
0.185060977935791
0.3824593584711959
0.1788922795435277
0.6415447316518644
0.3269410642181955
0.1233739852905273
0.1973983776278612
0.07402439233733386
0.1727235811512645
0
0.09869918881393061
0.04934959295319348
0.3331097655180024
0.03701219616866693
0.08636178912186041
0.1480487846746677
0.01850609808433347
0.1727235811512645
0.0555182942530004
0.02467479647659674
0.2960975693493355
0.4441463365787413
0.3947967581632661
0.07402439233733386
0.2899288680495286
0.2035670789276681
0.2220731770120016
0.07402439233733386
0.1727235811512645
0.07402439233733386
0.02467479647659674
0.1480487846746677
0
0.308434966133862
0.2467479734885983
0.1603861814591943
0.03701219616866693
0.2960975693493355
0.03701219616866693
0.03701219616866693
0.1135040666998886
0.07402439233733386
0.1998658587292927
0.2960975693493355
0.1973983761740894
0
0
0.1233739852905273
0.04934959295319348
0.07402439233733386
0
0.01233739823829837
0.03701219616866693
0.04934959295319348
0
0.111036587052229
0.03701219616866693
0
0.03701219616866693
0.07402439233733386
0.03701219616866693
0.2467479734885983
0.154217483066931
0.2590853702731249
0.01850609808433347
0.1110365885060008
0.1603861829129661
0.08636178912186041
0.1233739867442992
0.1357113849825975
0.03701219616866693
0.03701219616866693
0.03701219616866693
0.03701219616866693
0
0.03701219616866693
0.08636179057563223
0.01233739823829837
0.04934959440696531
0.04934959440696531
0.03701219616866693
0.03701219616866693
0.02467479647659674
0.09253049042166733
0.1172052868982641
0.1480487846746677
0.03701219471489511
0.01233739823829837
0.04934959440696531
0.01233739823829837
0.03701219616866693
0.1110365885060008
0.01233739823829837
0.2714227714189669
0.1480487846746677
0.1727235811512645
0
0.1233739852905273
0.1850609808433347
0.1480487832208959
0.1480487846746677
0.1110365841446853
0.0431808945609302
0.1788922809972996
0.4934959469771967
1.498993937562152
1.745741912504522
2.541504141761036
3.281748020067448
2.714227701105723
2.664878106698757
2.590853708546336
2.263912655958315
2.07268298689912
1.776585407373382
2.251575257720017
2.436636235655808
2.23923785221286
1.665548811598522
1.71489841618189
2.06651427542291
1.48665653641631
1.90612808087977
1.795091496735084
1.542174833576854
1.714898411820575
1.098028479552851
1.955477686916909
1.418800841017467
2.233069155274368
1.81976630048054
1.597693127829854
1.782754113034504
2.226900459789648
2.18988825489835
1.727235812966416
1.640874025298328
2.01099598116991
1.283089460396185
1.739573212658487
1.431138243617081
1.856778505371838
1.523668738400064
1.412632141171432
1.973983787908787
1.455813037186134
1.96781508660898
1.418800842471239
1.850609804072031
1.135040674267746
1.770416711888662
1.480487838024046
1.671717525982275
1.751910609443013
1.276920759096378
1.647042723690591
1.25841466537336
1.233739860174133
1.776585413188469
1.104197180852657
1.43730694637066
1.122703277483219
1.363282554033326
0.9376422966398844
1.067184986137762
1.054847566092887
0.8574492073640591
0.573689036253022
0.7217378209276897
0.5428455384766183
0.4379776527241963
0.2344105723427563
0.3762906600789326
0.5736890377067938
0.3392784595489502
0.185060977935791
0.2960975664417918
0.1665548798514576
0.2159044742584229
0.2899288695033004
0.3824593570174241
0.6045325340294256
0.4194715560936346
0.2344105723427563
0.3824593555636522
0.1542174816131592
0.6600508297361979
0.3392784639102657
0.2097357744123877
0.2220731770120016
0.1233739852905273
0.1233739852905273
0.08636179057563223
0.07402438942979021
0.04934959295319348
0.3454471623025289
0.06168699264526367
0.03701219616866693
0.08636178912186041
0.0555182942530004
0.1480487832208959
0.1172052868982641
0.03701219616866693
0.3084349675876338
0.4688211330553381
0.4811585501926701
0
0.2529166718808616
0.0555182942530004
0.2220731770120016
0.03701219471489511
0.1357113849825975
0.07402439233733386
0.02467479647659674
0
0
0.08636178912186041
0.03701219616866693
0.1357113849825975
0.03701219616866693
0.07402439233733386
0.08636179057563223
0.03701219616866693
0.02467479647659674
0.01233739823829837
0.03701219616866693
0
