0.03237441719286669
0.02449798249224192
0.03848254484723501
0.0370597455205457
0.03959138260734543
0.03441204674279606
0.01594868643095656
0.03419718360816929
0.02985825545115161
0.06928000870646096
0.03063497708848035
0.02835421250022493
0.03590835255199055
0.0412989796766303
0.01068661982447189
0.03435550389085577
0.03658686778381327
0.0369939776660411
0.03401624624840391
0.05220403403253623
0.06091373322243002
0.02497294318105833
0.06104943648111863
0.03532030541615937
0.05281469803312225
0.07321182825519515
0.037996870711131
0.07996662879633792
0.03718265216753866
0.04964829195474445
0.03890155846541617
0.03826827706926515
0.03125635443019195
0.03130010098892268
0.05344797916386819
0.0447213170865437
0.02647906919023101
0.03308894141703984
0.01868179484327355
0.05988256837980289
0.03318298138756777
0.04480464339745997
0.04220366748399648
0.0488191938473725
0.0337561488003763
0.04345475461272777
0.05946058004849673
0.04693631323640336
0.06415929912366498
0.0740465804991343
0.0434589208353818
0.0514314785647805
0.04450288250202864
0.04333809767128297
0.04144033717804812
0.04735056479754443
0.06130387968641702
0.1224637237219184
0.1214953512775366
0.1606379607144935
0.2769575477366122
0.5898930821946424
0.5798623618519397
0.6766112383444545
0.7637632874639032
0.7139760185850723
0.7991687039339241
0.8087854720393257
0.7783885732794208
0.8255150485065867
0.9852233216891442
0.9437368583304923
1.056325500764198
0.9339620672491654
0.9640289378810691
0.9805484095550725
1.17665785434258
1.02729813060509
1.091794605374581
1.045159455288307
0.9789178902058568
1.201562646066184
1.145757423082428
1.348606492071347
1.209163508451426
1.133168579129144
1.153335071866151
1.227108461954259
1.219144828523479
1.292542953144567
1.20318215726232
1.285371220981868
1.211438026200508
1.20985928700922
1.237476952290906
1.46407882637681
1.335342404322235
1.26746882481072
1.300887801043969
1.434449419899026
1.247145800674291
1.373146433247594
1.318682465846235
1.396459990243729
1.345560908891663
1.376627992826728
1.4962949238178
1.49296751782097
1.399299935981404
1.392714166834671
1.332776543835327
1.314779216622663
1.487681347178951
1.502974729909444
1.324099282718705
1.418409671395527
1.244323410685896
1.340742556304089
1.288291221116735
1.379323900843328
1.302107045827652
1.228308661906967
0.9788080797067237
0.715153601089134
0.5860511389947518
0.5644722618507177
0.5468632962529333
0.4982021236828935
0.4587750156148569
0.4598776014930975
0.4659598399974196
0.3729198823918199
0.3151082756256623
0.3175586687166576
0.3741983493447234
0.3215785764741051
0.2624084482516901
0.2435189336512955
0.2357802848429572
0.240123379488034
0.2197813047347984
0.2567392737800562
0.1955675250000622
0.1495766700365244
0.185629355864678
0.1564264033177754
0.1347130130975564
0.1310588495063425
0.1361768804619115
0.1195362860345645
0.09728038151953983
0.1285251298921069
0.09907963776969715
0.09507996736129336
0.1040646438814805
0.07118491135633817
0.07323801572054206
0.07615503753277478
0.05940760716017632
0.07907265496706949
0.07149232686606581
0.05174811944863956
0.04978340017526223
0.07052187088570895
0.07212977437870884
0.04646492293585494
0.04610870272445847
0.04897543085948892
0.05386639710690634
0.06399472924159237
0.06653202057112131
0.05869724915865722
0.03704278279235806
0.07103581618237803
0.06787774345168555
0.074406371948095
0.06822830989808194
0.05295397210472697
0.05181894661386457
0.04963341260328889
0.03803436756431357
0.05093747134639624
0.0556079203226197
