0.08845785921237789
0
0.04934959049283703
0.08859583479993559
0.0346793572342126
0.07531092019039116
0.02467479524641852
0
0.08557487453161512
0.02467479524641852
0.02861835030499332
0.07773902472395665
0
0.02467479524641852
0.0753109201903911
0
0.02467479524641852
0.07773902472395665
0.07608062166476608
0.0493495904928371
0.05249102665210916
0
0.07402438864679929
0.02467479524641855
0.1143630386789778
0.07773902472395663
0
0.02467479524641852
0.07402438864679932
0.04422892960618895
0
0.0370121943233996
0.04422892960618895
0.07402438864679932
0.01480487714785112
0
0.02467479524641852
0
0.02467479524641852
0.0370121943233996
0.07773902472395663
0.08235206819247862
0.0346793572342126
0.07402438864679932
0.0753109201903911
0.01480487714785112
0.02861835030499332
0.1055871148414795
0
0.1651225530439798
0.1048283644693093
0.1040380757890644
0.1040380757890648
0.1088401596482511
0.1456625948778998
0.106501490104306
0.08972341613442673
0.05490137663855929
0.04520304893571513
0.1127115833253136
0.172229206806201
0.2672541873902589
0.3115569330828271
0.3414649400825117
0.4043065311118674
0.3221969755715606
0.3434331538569058
0.3899160663146874
0.3301623856735164
0.3398040764258605
0.3150279315787207
0.3169203218041389
0.3330975871694045
0.3636507594854125
0.2814428404994068
0.2713766439819781
0.2761943389369639
0.2246163288932429
0.2867611830322336
0.2809314343285114
0.250426333404027
0.2472481468882951
0.1850272561939937
0.2638744060778933
0.2362266404298757
0.32712098798717
0.2935645340858645
0.242834184126479
0.3091761642458107
0.3069039959544805
0.2833256580161643
0.3272506743679731
0.2488355746703826
0.2719140091322972
0.2883233335995912
0.2180059142996597
0.254468875635917
0.3100053923118518
0.2225240639738647
0.2257024601514959
0.3002633466169574
0.2350423735033821
0.2907302779789094
0.2899747077070526
0.3017471957594187
0.2188993294339082
0.3135955425130389
0.3478011829287413
0.2898977104980596
0.3554509746693922
0.3051669024417148
0.3362297784736972
0.3307960247064397
0.2508321108190627
0.2901380005119219
0.2812456762267007
0.2947663879738191
0.2612474955791374
0.3278080301108373
0.2259347985004995
0.2444772182235276
0.3270611143873409
0.2143881915855586
0.2001224077898514
0.2171826840831545
0.1519279008779837
0.1668400205872779
0.1511262723588409
0.1535362262346545
0.1894823652726555
0.1516664486759467
0.183252243308769
0.1015148994228423
0.1490613094312498
0.1013207163332268
0.1794468322688534
0.1553389952330116
0.2028457630630051
0.1647636819452095
0.09794424831299992
0.1516664486759467
0.09010222311568686
0.250436838501851
0.1714144271512709
0.08119155493525347
0.1143630386789778
0.07402438864679921
0.106501490104306
0
0.07773902472395665
0.04934959049283703
0.1824841639968024
0.0370121943233996
0.06132034687190462
0.1480487772935986
0.01850609716169981
0.106501490104306
0.04117603409623931
0.02467479524641852
0.145281266401032
0.2477056634973336
0.1937083551007828
0.07402438864679932
0.1357061859163751
0.1109794506880679
0.1647041363849572
0.07402438864679932
0.106501490104306
0.07402438864679921
0.02467479524641852
0.1040380757890648
0
0.1389948621211871
0.1661354840270676
0.0952992455769196
0.03701219432339964
0.1794468322688534
0.03701219432339964
0.03701219432339962
0.07890792493017856
0.07402438864679932
0.1104991385024514
0.145281266401032
0.0984322740322302
0
0
0.06179351731164593
0.0346793572342126
0.07402438864679921
0
0.01233739762320926
0.0370121943233996
0.04934959049283703
0
0.058239772387479
0.03701219432339966
0
0.03701219432339966
0.05201903789453238
0.03701219432339966
0.1046862941676243
0.06949743106059354
0.1093654815216005
0.01850609716169982
0.08235206819247862
0.09031834317009801
0.05027385679314955
0.08306774201353377
0.08557487453161508
0.03701219432339966
0.03701219432339966
0.03701219432339965
0.0370121943233996
0
0.0370121943233996
0.053250745052153
0.01233739762320926
0.03886951236197832
0.03886951236197832
0.03701219432339966
0.03701219432339966
0.02467479524641852
0.05490565710232088
0.07962871294896419
0.08972341613442672
0.02745068831927964
0.01233739762320926
0.03886951236197832
0.01233739762320926
0.03701219432339966
0.08235206819247862
0.01233739762320926
0.1684271163022226
0.1040380757890644
0.1050446872932154
0
0.08119155493525347
0.1098113142046418
0.08622023641458181
0.08972341613442673
0.06082805227638535
0.03066017343595229
0.09179646931564894
0.1567659488239759
0.2704630434953977
0.2725497886391878
0.347126675420292
0.4225312762474382
0.3072782426327246
0.3412025245505357
0.3750169091755932
0.3246772440961262
0.3362623889596633
0.2800908401396472
0.3204888334717604
0.3427884239364537
0.3643505878893713
0.2724558265089381
0.2683626983203983
0.3068628776789369
0.2558089408434756
0.2941850734385541
0.284445566301869
0.260221593577434
0.3022530412370002
0.1995429087390039
0.2746069914335672
0.2600048613305315
0.3238129966964157
0.2929464595104798
0.2455312131908278
0.3171142742240672
0.3182824665499522
0.3409773329213967
0.3254742557871406
0.2642843872350792
0.2789513325131593
0.2771807522836033
0.2515187572110854
0.2677949125711033
0.3049555270723353
0.2460052677484845
0.2435254773312065
0.3007009866985885
0.2378682316932935
0.3099611660348721
0.2866427827756333
0.270573319242195
0.220587368429032
0.3165092660626301
0.2689397673565551
0.2755769944574464
0.3262124371944823
0.2571424227317121
0.2972479841943803
0.2624828851641441
0.2284013246932683
0.2988549193026598
0.2516765375741215
0.2961649771508712
0.2162599347492267
0.3086762751873529
0.2001822602768
0.248112158065031
0.3001356675754721
0.2120624432827214
0.19739955906084
0.1900962427679317
0.155236135192275
0.1529818323771996
0.09821248470718175
0.1342163566772048
0.1918575469626382
0.1144636366617962
0.06771361151373745
0.1144287455283328
0.08421634673768075
0.09970551068729985
0.1690743772456951
0.1743532557602906
0.1769582018364114
0.1646356665469745
0.09821248470718177
0.1285725812282732
0.06491171457293544
0.25053530259354
0.172463628845316
0.08370998296483013
0.1151490490061321
0.08845785921237789
0.0792709753118765
0.05325074505215283
0.03838301482776223
0.02990780420341799
0.1730930824525103
0.04059577746762674
0.03701219432339962
0.06132034687190467
0.04117603409623931
0.08622023641458181
0.059725221764753
0.03701219432339966
0.1356282735871654
0.2483874860777347
0.2071393255442825
0
0.1204316086917962
0.04117603409623931
0.1647041363849572
0.02745068831927961
0.08557487453161502
0.07402438864679921
0.02467479524641852
0
0
0.06132034687190462
0.03701219432339966
0.08557487453161502
0.03701219432339964
0.07402438864679921
0.0532507450521529
0.03701219432339962
0.02467479524641852
0.01233739762320926
0.0370121943233996
0
