0.04259283439471172
0.04790825310807962
0.04551110359338614
0.03226308753857246
0.05196140448634441
0.06914676754520489
0.06371554617698376
0.05034014439353576
0.04961057695058676
0.06593898827066788
0.04907787705843265
0.042233840490763
0.03955876082181931
0.07790157571434975
0.05163715292627995
0.06699280756024215
0.04226858226152567
0.06334497091861871
0.05928023990530234
0.05131290021997232
0.05958132990277731
0.06282385123463777
0.05252884614926118
0.05325841359221018
0.03181145082299526
0.04182852575412163
0.0662979818880558
0.03537822428804178
0.03558667204700983
0.06232589311324633
0.04434148021615469
0.05293416203214572
0.0339654113810796
0.03505397215485573
0.01823918263499553
0.0387481302022934
0.04442254281961001
0.04782718993150271
0.0491241984642469
0.04344978642005187
0.05877069985637298
0.03339796971816283
0.05661673929828864
0.07137021164481457
0.05256358734690226
0.06983001358233966
0.07242403122094962
0.03007438578284704
0.05309628723905636
0.04907787705843265
0.07137021164481457
0.08288116323260161
0.05641987289373691
0.07229664663855846
0.08490773863517322
0.07020058798102233
0.1471525688584034
0.1949913410040048
0.2441618625934307
0.5254390156612947
1.340921571621528
2.040263942227914
1.742635226020446
1.400827147639715
1.434919948188158
1.426709414101564
1.231173797582205
1.200207721728545
1.424034343602566
1.296371640207676
1.468746395065234
1.585650869000417
1.333695378154516
1.434445151342795
1.509277908274761
1.497407966221754
1.566126257181168
1.700667727738619
1.555576486369738
1.611000439581963
1.395280120177911
1.436193800889529
1.769432354145325
1.792593226696436
1.686643835443717
1.540591405274776
1.594058269778123
1.534372707685599
1.682683317707135
1.670280684645359
1.883094307608329
1.64900742413906
1.519109695576704
1.516029307762018
1.494373896947274
1.76606244679827
1.76263463554474
1.776924888388469
1.645730161036436
1.613131236858093
1.653315336944965
1.793311211352165
1.585245559135309
1.741048705692475
1.450831469434958
1.591070509300782
1.643495141886748
1.678433302789927
1.727349050343037
1.697876860029422
1.647768314354695
1.386224224303777
1.493030559844696
1.525861096783326
1.700331904567205
1.631741000482669
1.439714250369714
1.368494578565542
1.363804511152781
1.331842514184805
0.9690275281094588
0.7413098766253545
0.7425026592726891
0.6772932421702605
0.5866531887306616
0.5790679996403364
0.4960710377647327
0.5519929499580309
0.4662398395056908
0.4022579439557515
0.3219244760962633
0.3181029303142658
0.2723023143525307
0.2951736722428065
0.2712369177203912
0.2204451331725487
0.162612448231532
0.1897454069784054
0.1874524804835136
0.1646737656914271
0.1715641239514718
0.1489938574914749
0.1611533124859516
0.09329197498468253
0.145369180979637
0.1271879016779936
0.1339856159801666
0.08566046764071171
0.1318663963331626
0.08280009948290311
0.07860798388719559
0.09084850177168846
0.09316458868292662
0.08747859499775447
0.09641868879015629
0.1139514658313531
0.08772178366780281
0.0653599678323819
0.07002688084657376
0.05915285417666802
0.09762305508439358
0.061515263066842
0.1112069037671273
0.1075822281149717
0.08100513397501065
0.05037488559117684
0.09894322546628806
0.06021825510721941
0.05551659831633934
0.07735729790650882
0.09307194529817654
0.09982333676173137
0.085301473736763
0.0698647559262239
0.05860857407634075
0.05344370150795349
0.07904803982147804
0.04620592983869406
0.04701655988509838
0.05081494267170246
0.06994581852967922
0.06577686277719644
0.04162007799515358
