0.03038705770785992
0.01917719808253613
0.02279029311714591
0.01871398058566418
0.01074664212845184
0.02241971925064758
0.02325351061401786
0.02288293674751953
0.03029441407748631
0.02288293674751953
0.04697023872490767
0.01917719808253613
0.03696474367445642
0.02279029311714591
0.02538431018263429
0.02992384086598407
0.03010912681673909
0.01528617215680552
0.01834340737416194
0.02529166655226068
0.03853968277082338
0.04817460297228216
0.05012011626264551
0.04104105620593815
0.04761874282753074
0.04391300350755126
0.05164211660951049
0.05506992569336525
0.04710258658115681
0.04247041292242951
0.04663936908428486
0.05465964629099919
0.07363832258916163
0.04256305655280312
0.07359861738079197
0.04511736873741988
0.05548020313074301
0.05984768173196814
0.06299755861470988
0.03422514422909244
0.03807646527395143
0.06401663723882738
0.02612545791563097
0.05803451597035586
0.03640888320220696
0.0216785715176509
0.02204914538414924
0.04474679487092154
0.08253209604011787
0.03233257001572913
0.04640114307403564
0.0415042737028101
0.05104655060139331
0.03088997943060739
0.09949908544729044
0.06522100181369991
0.06781501953418438
0.08263797419411796
0.09476103428955916
0.1222893775819422
0.2097845165939121
0.7670085119022118
0.7448402554779262
0.4591145613691309
0.4188543545020806
0.3631756322069483
0.3344693917494554
0.368654829787684
0.4153339063728249
0.3499276146783933
0.3814396265443865
0.3768868672323751
0.4680877445818304
0.4632967527096088
0.4545353261324075
0.3896584261904706
0.5108757916387621
0.4508957600855565
0.4644614110936175
0.6262036719165005
0.5231444295291062
0.4986997924663208
0.5609826717402909
0.5526315278404361
0.5422025211564787
0.4716743725341755
0.5178372866504795
0.6147291172336746
0.5409452106271472
0.5117360510668911
0.5451935752407535
0.5916608961728903
0.597113623723879
0.7174310245356716
0.5772746889800816
0.5765467774082016
0.5750909454219943
0.6905379445998223
0.600647318821687
0.617984876200393
0.6743915126873896
0.6300285219491183
0.6446264936373785
0.7285482369281433
0.7577441655672513
0.8012468850874639
0.6264286653681116
0.6961759594115582
0.714413488304222
0.7475666171246833
0.7180795273283026
0.7582470843425164
0.7025418867776682
0.6785604668842568
0.7272115182745588
0.7388845999817272
0.686289580641212
0.7530458091379522
0.6850852134463551
0.7505179732055455
0.6395840376288027
0.6331254682698093
0.5305426769204192
0.5497331029766208
0.419992548423809
0.3172509395159208
0.2812523347335857
0.1950145013384767
0.2125241160392761
0.1313684386211437
0.1327051517072615
0.1200659353654463
0.0915317469900781
0.06234905385709071
0.06841058423230936
0.07402213163428255
0.0764308607840276
0.05614194175699255
0.06831794060193576
0.04734081259140602
0.0566051592538645
0.04891575103277689
0.0556787242601206
0.04206013483005566
0.06744444501268995
0.03542950945896107
0.0415042737028101
0.04206013483005566
0.04502472576204237
0.046229090991911
0.03042676193373544
0.0282562574842474
0.04474679487092154
0.0518803419647636
0.04256305655280312
0.03042676193373544
0.03946611710957119
0.02681366689912566
0.04386006475804926
0.03455601386971526
0.04599086498166179
0.04771138645790435
0.02575488404913263
0.02195650175377563
0.04530265665316319
0.02112271039040534
0.0178801892222939
0.02681366689912566
0.03446337023934165
0.03186935251885718
0.0282562574842474
0.003705738664983393
0.02492109268576234
0.03446337023934165
0.03302077965421991
0.02492109268576234
0.02992384021098797
0.007874694826838734
0.02922239670386681
0.03302077899922382
0.04534236022404262
0.04141163007243649
0.03922789109932198
