0.01945512799116281
0.02918269313298739
0.03891025598232563
0.03891025598232563
0.01945512799116281
0.06809294911531302
0.01945512799116281
0.01945512799116281
0.03891025598232563
0
0.01945512799116281
0
0
0.01945512799116281
0.03891025598232563
0.03891025598232563
0.03891025598232563
0
0
0.03891025598232563
0
0
0.01945512799116281
0.03891025598232563
0.03891025598232563
0.07782051196465126
0.01945512799116281
0.01945512799116281
0.05836538397348844
0.01945512799116281
0.03891025598232563
0.03891025598232563
0.01945512799116281
0
0.01945512799116281
0.01945512799116281
0.01945512799116281
0.01945512799116281
0.07782051196465126
0.03891025598232563
0
0.06809294911531302
0.1070032050976386
0.03891025598232563
0.01945512799116281
0
0.06809294911531302
0.07782051196465126
0.1167307679469769
0.03891025598232563
0.1361858959381397
0
0.07782051196465126
0.06809294911531302
0.05836538397348844
0.05836538397348844
0.1264583330888014
0.1500824185518118
0.2647287100553513
0.3515819609165192
0.5996348456694529
1.411191630821962
1.357690034004358
1.708577180138001
1.581424007048974
1.459829457677328
1.202049010075056
1.144378459224334
1.017920102064426
0.9032738117071298
0.8171153939687289
0.6593898890110163
0.9067479521036148
0.8511618616489264
0.931761683179782
0.7281776689566098
0.786543050637612
0.7434638325984662
0.8344860455164542
0.736515577022846
0.7427690155231036
0.3870180902572778
0.5086126465063828
0.5878228086691636
0.8991048565277686
0.6503571501144996
0.6058882841697106
0.7566655266743439
0.4919368189114791
0.4571955181085147
0.6482726736710622
0.6559157554919903
0.5482177241490438
0.4502472556554354
0.7594448316555756
0.6246485859155655
0.4898523424680417
0.4321817870323474
0.649662319284219
0.6781501907568711
0.4266231701924251
0.6072779389528128
0.614226194528433
0.6031089837734516
0.5544711580643287
0.3918818670969743
0.4335714326455043
0.6364606320858002
0.5405746354506566
0.3682577908039093
0.2640338838100433
0.3946611743706923
0.3536664396524429
0.2640338838100433
0.2834890140936925
0.2953010556789545
0.1889926745341374
0.2473580585076259
0.1334065932493944
0.1528617212405572
0.09449633726706871
0.1139514652582315
0.07226190658716056
0.0917170368708097
0.07782051196465126
0.01667582530241746
0.03613095329358028
0.01945512799116281
0
0.01945512799116281
0.01667582530241746
0
0
0.01945512799116281
0
0.0778205142571376
0
0
0
0
0
0
0.03613095329358028
0.03613095329358028
0.03891025598232563
0.05836538397348844
0.05836538397348844
0
0.01945512799116281
0.03891025598232563
0.05836538397348844
0.01945512799116281
0.01945512799116281
0
0.03891025598232563
0
0
0
0.01945512799116281
0.03891025598232563
0
0
0
0.01945512799116281
0
0
0.01945512799116281
0.01945512799116281
0
0.01945512799116281
0.03891025598232563
0.01945512799116281
0.01945512799116281
0.01945512799116281
0.01945512799116281
0
0
0
0
0
0
0
0
