0.0763522004181484
0.1145283006272226
0
0.1145283006272226
0.0763522004181484
0.0381761002090742
0
0.0381761002090742
0
0
0.0381761002090742
0.09544025277191738
0
0.1717924531900658
0.0381761002090742
0.0381761002090742
0.0763522004181484
0.05726415256284318
0.0763522004181484
0
0.0381761002090742
0.1336163529809916
0
0
0.05726415256284318
0.1336163529809916
0
0.0381761002090742
0.1145283006272226
0
0.09544025277191738
0
0.09544025277191738
0.0381761002090742
0
0
0
0.1145283006272226
0
0.0381761002090742
0
0.0381761002090742
0
0
0
0.1145283006272226
0.0381761002090742
0
0
0
0.0381761002090742
0
0.0381761002090742
0
0
0
0
0
0
0.0381761002090742
0.0381761002090742
0.229056605752909
0.2672327059619832
0.7635220266738028
0.2672327104604469
0.09544025277191738
0.1527044008362968
0.0381761002090742
0.229056605752909
0.0763522004181484
0.2672327104604469
0.1908805055438348
0.0763522004181484
0.3054088106695211
0.1336163529809916
0.1336163529809916
0.0763522004181484
0.4581132115058179
0.3626729587339005
0.1908805055438348
0.3244968630232901
0.2481446581066779
0.6680817559080304
0.2863207538172884
0.2672327059619832
0.3817610110876695
0.3244968585248263
0.3435849063801316
0.3817609975922783
0.8016981223844132
0.4199371067982799
0.5344654119239663
0.4390251636505127
0.6489937170496527
0.6489937170496527
0.4962893162133559
0.2863207538172884
0.6489937170496527
0.2672327014635194
0.6489937170496527
0.3054088061710574
0.1717924531900658
0.8589622704487927
0.3435849108785953
0.4390251636505127
0.3817610110876695
0.7253459174678011
0.400849054444511
0.9544025232207101
1.011666666786626
0.7062578606155684
1.049842789488019
0.7444339743200338
1.412515752720383
1.030754723638858
0.4390251591520489
0.4962893162133559
0.3054088061710574
0.8780503317994891
0.992578627928248
0.6489937215481164
0.6299056646958837
0.2863207538172884
0.1908805055438348
0.1336163529809916
0.0763522004181484
0.1717924531900658
0.1145283006272226
0
0.0763522004181484
0.05726415256284318
0
0
0.0381761002090742
0.0763522004181484
0.0381761002090742
0.0381761002090742
0
0.1145283006272226
0.0763522004181484
0
0.1717924531900658
0.1527044008362968
0.1717924531900658
0.0763522004181484
0.0763522004181484
0.0381761002090742
0.05726415256284318
0.0763522004181484
0.0381761002090742
0
0
0.0381761002090742
0
0.0381761002090742
0.0763522004181484
0.1145283051256864
0.0381761002090742
0.0381761002090742
0.0381761002090742
0.0763522004181484
0
0.1145283006272226
0.0763522004181484
0.0763522004181484
0.0763522004181484
0.0763522004181484
0
0.0763522004181484
0
0.0381761002090742
0
0
0.0381761002090742
0.0763522004181484
0.0381761002090742
0.0381761002090742
0
0.0381761002090742
0
0.0381761002090742
0.1145283006272226
0
