0.6426885826462583
0.5945428874041412
0.9658776213335412
0.6390840660756328
0.7662942247787042
0.8238875628298635
0.5786774841858375
0.8361005291399108
0.7704488212309156
0.7000832988960662
0.7139184314736113
0.8880734927878203
0.7963151644884858
0.5598621787565359
0.6888343690517823
0.855559263689917
0.6160053906993586
0.7443989655016071
0.8366959320609419
0.6568364935985255
0.7821778169007626
0.9107230858440809
0.5694264654828584
0.7330505107861371
0.7027179611202429
0.7322435705401412
0.7988705544158901
0.9275437023264728
0.6059499180710859
0.7390234276786249
0.7446177816799715
0.7924900526426655
0.7340383380080587
0.9211846117136573
0.6805808338430793
0.6821020286410265
0.8666894356621448
0.7443276419083108
0.847481016359143
0.7127968016639418
0.7411560505278889
0.8577225289211657
0.7091695596709412
0.8111219990231209
0.9276687537366274
0.7961929205288506
0.6979424736304268
1.022757599301338
0.5641100925017203
0.8726202756344235
0.6602160438824001
0.9222063480132316
0.9381032826628024
0.820188505712692
0.9629496346010094
0.7604068630612394
0.8151343789863735
0.7212232764949791
0.8274096797466268
0.968525468517517
0.8878054114374299
1.216690592059004
4.409667711020957
3.198905331614405
2.18242194422588
2.415776215187067
1.739526881016417
1.740994515620832
1.768326601067433
2.310003168630882
2.029512093655215
1.922073362088133
2.173067793305124
1.989949315407971
1.856097172937204
1.881678326420652
2.058453855329739
1.783274098156933
2.10734155828751
1.747129947065526
1.925443799934599
2.013957856997672
1.857715443976488
1.790590757901225
2.100110078486323
2.020157512982433
1.969897232206723
1.976980184181541
2.074715043474748
1.853322226860969
1.960951554708345
1.877982979579834
1.784801002554265
1.990644374627757
1.998713970360097
1.688527605173054
2.135000352836424
1.89112069788258
1.933327816562214
1.961862542316798
1.99821584902067
1.772062049225408
2.045438577031905
1.998338145812244
1.973576348344308
1.869015976406405
2.051573954477589
1.624131245436999
2.051637432654109
1.872988310546481
1.899956486303235
1.924980019822615
1.939044773154559
1.692951056144081
1.913705639982497
2.037215916108522
1.818295824806216
1.800086306713542
1.837706055024171
1.82655264950607
1.97929550689329
1.893586913743379
1.265539419959866
0.7210882127204993
0.8417150902563666
0.6585968833174962
0.7264650900730187
0.6917352283874786
0.8106675086439775
0.6387675752485737
0.7353752667785538
0.6733331348276395
0.8296396771756984
0.7529356191292369
0.8297723027524215
0.7147054571774052
0.733511371156269
0.8267523483681334
0.6705064756437089
0.7647914914485103
0.8087527973036339
0.6776818356387505
0.8544646284623862
0.7396530901592129
0.7539591500941497
0.7034300342023037
0.6567560349495181
0.723729808423857
0.8093597563630133
0.7557354043104795
0.7453322299086902
0.9324413945371962
0.4575408063863027
0.8751531195956792
0.7073304094120059
0.7042542770070772
0.6914103830980062
0.7295357543937792
0.7716728591289652
0.8326029840779212
0.6674493959794587
0.6875248992533294
0.7137765052117719
0.7200606242229728
0.5913395245370991
0.6945962662901959
0.8138369348918189
0.6824305593903325
0.8114896129105431
0.8403317108368122
0.6286127001728693
0.8539640156290665
0.5553490697761037
0.7878822736384155
0.6893862476702021
0.7202279219329581
0.9119718603159837
0.8469516365481341
0.5593513019197386
0.8968171145736338
0.7072763933869191
0.7469640200506217
