0.6835647034095276
0.6532882754185395
0.9961337173969922
0.7142889588122578
0.5726389436006877
0.6492420363560524
0.6978465373409617
0.8467613415933601
0.7838764992894222
0.7317445776141787
0.8931303525587142
0.8850273355792168
0.4477512985735136
0.5880858870252539
0.9546758396306657
0.4724670266964381
1.024316505377764
0.6514505469567415
0.6773826421321397
0.911408927429344
0.6231974097813869
0.7090336149079212
0.9084056964203966
0.6802543166930488
0.8417847418487133
0.5311271382652126
0.8100382140085415
0.6393925955258782
0.9282317316835476
0.7233762922432929
0.5722666767696295
0.6383037953353773
1.07059729153108
0.6423536445687781
0.6656343119932773
0.8542117605856209
0.9407076901028394
0.6434400207124861
0.6132938982841162
0.9614435176280978
0.6747469717272717
0.956993933219387
0.7505426103841015
0.7387109760167027
0.9125783791860314
0.906431848619786
0.8403106999487654
0.6037743203991741
0.7548511313419175
0.6299209374499505
1.239646205478963
0.3470739110326438
0.929450298119899
0.6045566910417726
1.031112196356182
0.598563108655177
0.656007534815201
1.027971186293775
0.7751704557893306
0.8830246370480729
0.5596265980251639
1.747559411044157
4.356323458867725
2.990119444531039
2.751647307017416
2.898956598597829
2.479015008928721
1.939038236649875
1.910953867445805
2.409616214324152
1.677539455110648
2.37722476688993
2.301170796951836
2.178266119862516
1.877890412981285
2.035575674610699
2.18425634863538
2.282965579257458
2.792306792385807
1.801968307271269
1.906736911580133
1.946727267295913
2.220530265505063
2.225545177498929
2.607916331047001
1.873118823674011
2.261239759488746
1.814438258314699
2.118742700392573
2.234853440637733
2.416592593344283
2.068372924147465
1.976838530098108
2.033764439321052
2.335036058145987
1.924786537288749
2.420226909909876
2.390888472292485
2.000350521361704
2.256100807699012
2.205346366382044
2.394021150918176
2.430904194855002
2.245142772556758
2.052138877641868
2.269659969958242
1.932698291753178
2.298056742017032
2.373087871903181
2.115624074357678
2.208897579893618
2.460473452148478
2.13966529956034
2.433788495857999
2.598315003459675
2.292535765263519
2.213984673757265
1.82254715760172
2.087393983946409
2.107964051485965
2.459535436444348
2.511159428479495
2.281340143257212
1.49704386253853
1.010275266943602
0.3015609659420524
0.4588689446522002
0.4252253963594881
0.6433069172424055
0.7613308370025225
0.7234277398652433
0.8465102293527098
0.9921350303221437
0.5802533389776247
1.108545656299555
0.8015065858077037
0.5172496909028813
0.7329580797022356
1.116381958570183
0.8480057519900374
0.693262769735429
0.7316501922105302
0.9196632856768956
0.8391046432165403
0.9745369460320761
0.7606037478075514
0.9153759789043068
0.7130017285510976
0.9067229080088988
0.7268633024551356
0.8580309703488026
0.3663764397171911
1.006147840087557
0.7381471547676679
0.8873610553094387
0.6175871964596999
0.7106220899649311
0.668911661514676
0.8703323289577459
1.046028285554115
0.4435741173320473
1.06956932141049
0.4654168255020632
0.6953147844653381
0.7786851231739568
0.6487029513759494
0.777526186564289
0.6824129867307368
0.7818046032043132
0.8357943537757702
0.8203067421519903
0.4054477662630667
0.6941163702616423
0.9494024741799602
0.537074514614027
0.741040826399319
0.9495825159500366
0.810714830599816
0.5095963683574375
0.9559388718468389
0.5871003955546191
0.8184420514511173
