-0.3897536902973437
2.14214511533735
3.307540989597723
1.820853566604127
0.0581593098455111
1.110325512493782
1.713170421676435
1.279333447133409
1.01990944732674
2.550599524279622
-0.5907496875861149
2.011614803448306
1.319675269877651
2.295338145649965
0.6194824485770575
0.5376673792308267
1.120254533056639
1.076311524017863
0.4889091999417083
0.7083211048225329
1.866995440852946
2.530862538682844
1.398953016500805
0.3111708001722517
0.695207731751431
-0.04859254111267775
1.008454035756572
2.780563325852584
2.57314016849292
1.175293371724148
-0.9751422996642103
1.512242290301744
2.047970779009096
1.823964083247309
0.02878594374681764
1.58356953264222
2.584592998492272
0.9212344835103832
0.8582213860745463
-0.5737225217431146
-0.09656462303127533
0.7708172623295927
2.804160006145914
1.120230871060201
1.069878473872052
1.759962361815452
1.152196426099289
0.2360426494924464
0.6838941248513947
1.10053571090886
-0.2468320611760382
2.76968082079568
1.734844278198868
0.7531158057837298
-0.2197988288706738
1.086822833069331
1.109006401025932
1.425716327528817
2.16920891552002
0.6008933926417203
1.487594462728842
7.403892334369464
15.39906761163382
12.86615297632923
10.77166329669364
9.993075154003538
7.495692027369483
3.911858864122072
4.621015625164606
7.67029865328391
7.984813029982086
8.771515627685918
7.677426366186062
5.201001733963762
7.945761325334273
6.473796087317184
7.121398855558671
11.12119724747144
9.914130053757253
5.764062773008262
4.998840035598426
7.01730553130466
7.579636304192979
7.789345037686313
9.267527128227144
7.035827010239878
4.977490552527375
7.088430196221243
8.816278850628766
8.906914097230516
9.837823442468691
6.470839644587335
6.311700853552736
6.597588235430885
5.936385032550087
9.210294086122989
9.083425442189654
8.523461219007977
6.161292790616062
7.828832107058435
6.914180082139139
10.05244482085275
9.825994079645969
7.087350356108276
6.42586553819622
7.797316500513975
7.633932871191402
10.81023339323257
11.20261767730882
6.83633193532934
7.018681137893178
7.535479266421279
8.217214138374707
9.4392218853574
10.20364901827018
7.529105651072953
6.412354430161921
7.927315500268341
8.348646634952804
9.181593067924911
11.60628907383413
7.6390396971718
2.198481342097303
-1.105199294191892
-2.687215567290242
-0.8083174334764847
-0.5116205194415628
1.503821570639557
3.362573488924498
-0.7351834523033371
1.229660226693626
1.380559999861083
2.941306637126653
1.153878641187661
-0.8865496182938197
0.4990254322414476
-0.3164236091472619
1.397381371029333
2.056934548287613
1.521499325044748
1.84475910433608
1.703713871644266
0.6522086880716701
2.038908133029269
0.6456907335936009
0.9888875716913327
1.654456738775627
1.865948208306278
2.133804389460993
1.011713442689018
1.591120031636186
0.9078838006642251
1.201640288474275
1.919001389225936
2.213523734082567
2.173625616508128
0.4959373763988948
1.221428580572084
1.9595354889877
0.7731397420265936
0.6586309591080375
1.917862010331217
2.262916893030281
1.177371845684381
0.5161114913491682
0.7556446549988436
0.1683066332560916
0.7251122239950744
1.619691709313274
1.312863313580771
2.109801120432746
1.764941530790529
0.5800501090637131
0.7710776272874273
2.047684464519344
1.083218432898513
2.928668915983874
1.828493490921254
0.4882032698463716
1.825210185634419
1.313708500249302
0.3413212413764404
