-1.29542507400115
0.8708623315346982
3.045814329700479
2.158630582298558
-0.2719802658866277
0.008322647760128143
1.196627375660668
1.702211411496182
1.973759507315416
1.176100858001554
0.2276776124097328
1.565944356602962
3.842444370861067
2.251093949980245
0.9744215277763382
1.267347125033032
1.208426561932662
3.4688921972536
4.389987164304426
0.138873641806297
-0.3646744994216733
0.4807239322070462
0.8165495456185139
2.236107309377538
3.340434122648556
2.163563047456046
2.252493207798129
2.633861423154616
2.050158261983853
0.4406550200429722
1.200755782856403
-0.23286713452606
-0.9573898139347641
1.915369543303825
4.751512717432142
3.226376191262015
2.425636660673666
2.16165466782354
1.166467443075873
3.490514420678672
3.002507528901519
0.2995858529849957
-2.091058285819749
-1.393072480911397
-1.430485946567047
2.134112595409779
2.842221457765861
5.101353786741676
2.586293175969268
1.790251866037571
0.5580904671198884
2.990401995393698
1.466917748192656
2.54054439899038
2.050949943760953
2.263529626579934
0.8059086731903392
-0.1019448358173258
-1.644578445363382
-0.4290222178749972
3.259117790128
7.125550374555742
11.01627497530093
9.729299096452026
7.825514310875707
3.118707068337086
-1.438096969949278
-0.9622028373486136
3.041772930343082
2.940159779301095
3.05201130481244
1.907928918321606
1.36620764524082
5.904973520625057
7.837365905295356
5.512007068549782
3.419154136083896
2.280693828283948
4.17740350819961
7.152224667033431
3.165237344877155
-0.9872462474814205
-0.4416255859417688
2.278980213182099
6.634050449338522
9.128161219422376
5.137827020708823
1.914304214509877
3.072059350298093
2.498060175615978
4.133566905086747
4.581697456832217
3.684649970832886
3.241386644986306
4.351721962341102
3.463065584076697
4.82142962540928
5.396313918962994
5.744813017240607
5.13046009393164
3.429975838634812
1.482314311071572
2.327929245507822
3.443898102059999
5.574008966528603
4.122692424224235
1.2115145079247
0.9378502536944568
3.204553008763208
2.901784888012391
6.181976360377377
6.870132709366744
7.215543429702055
6.123314424663684
3.85581759470967
-0.2890696675316018
0.9132890390594373
3.125136921966567
4.380098807739378
3.912534030867398
4.063786587278571
3.794865647239636
4.831087813607938
4.282343701089291
2.906460794241085
1.756756968463742
-0.2257353480835311
-1.938272304859127
-1.273649625460644
0.7923142520192922
3.626834354845451
3.206369725529256
-0.9016640664064757
-1.815337849505557
-2.819026873432444
1.791120346264494
4.881711081287085
3.105863755567979
0.989364199409976
3.955666724160092
3.451067783429901
4.109022861329995
2.213098468632758
-0.8475870595369588
-0.931788407905719
2.576129626427484
3.55157408678745
2.073230957884743
2.491137633548449
2.784648834747579
1.005302596721378
0.2907015931090315
-0.7610320807364608
-0.7015954263244404
0.858049912243699
3.255279906111193
2.394821912297927
3.882411441384938
2.149411163617464
0.9015300272412999
-1.915539804082705
-1.363525097914055
0.4067840159835641
2.907686051971361
2.183421930470631
1.756495988190512
2.45961397776933
2.557298535719355
1.026155690232469
-0.8269086174079678
-0.6565355341299148
-0.2082763940060144
4.763944461767975
3.977679502710281
1.44647938987956
-0.3897736405380541
-0.08647777171830984
1.054511389500631
2.555303000823558
1.83754590572984
2.635007175419038
1.695882090827026
