0.0746311496515743
0.1840901648411985
0.2952076528893142
0.2545751421177974
0.1940409863581423
0.2172595672920102
0.149262297348898
0.2653551942012349
0.1169221332815827
0.3300355262443668
0.3938866199040022
0.3582295120739546
0.2736475448139378
0.1484330628739029
0.2910614805143388
0.335010935048588
0.3507664017989987
0.2811106609516457
0.2794521880931541
0.1832609303662034
0.3474494638990183
0.2927199514185796
0.3151092939689511
0.3350109311400867
0.2545751421177974
0.4652008277470948
0.2255519159504625
0.2189180342877498
0.2197472687627448
0.3043292379770123
0.2437950861258585
0.3905696741870192
0.2819398954266407
0.2645259597262398
0.2015041005415995
0.1956994553081325
0.3076461778312433
0.3391571093778141
0.3184262357774328
0.2985245946977959
0.3300355262443668
0.3325232277151014
0.277793719143164
0.3225724081524083
0.29603688931856
0.2048210403958305
0.433689896200524
0.2413073807466226
0.4303729583005436
0.3515956343197432
0.3731557423951196
0.3872527382412895
0.3292062917693717
0.2993538272185404
0.3283770553401259
0.4602254189428736
0.3292062878608704
0.3491079269862566
0.2214057396669857
0.5439781546592712
0.6028538375604348
1.056445382657598
0.9337186012111727
0.9959112288521939
1.014983633502585
0.8988907317646214
1.029080626417379
0.7612377170656548
0.9801557611246579
0.8491366300426546
0.9046953799294644
0.6841188669204712
0.8284057574193986
0.9569371811679153
0.7264098495733543
0.6857773378247121
0.7396776089902783
0.9154754329900272
0.9138169591544104
0.643486352240453
0.7007035691230024
0.7869440082643853
0.6335355326777599
0.4826147654017464
0.6700218749828026
0.7239221441941183
0.6244139466129366
0.6940696864831642
0.6202677703294598
0.5854399067456605
0.539002742923674
0.5108087551398356
0.5166133974419266
0.5232472771503887
0.4444699551238389
0.5497827969613622
0.6169508363379806
0.4544207737094066
0.6459740537111877
0.455250009161527
0.6443155867154481
0.6070000167752876
0.5788060231286971
0.5530997348613427
0.5373442720194332
0.5804644950100633
0.565538263711773
0.4685177676013259
0.5937322554041128
0.5605628539304264
0.5348565685944479
0.5589043781405589
0.5448073910885169
0.7131420921106808
0.5025164045271326
0.604512306510425
0.4552500081844017
0.5904153106642551
0.4660300641763406
0.622755476685821
0.2894030096100979
0.3341816986193422
0.3134508259960863
0.3491079318718832
0.1940409863581423
0.2015041044501008
0.1956994572623831
0.1857486357454394
0.1832609323204541
0.2313565631381801
0.233844268517416
0.2313565611839294
0.1218975420858039
0.1998456325687346
0.2313565631381801
0.1185806022315729
0.1791147589683533
0.1393114777862048
0.1442868885446767
0.1757978181369969
0.2346735029924111
0.1359945379319738
0.2039918078750861
0.1907240484581619
0.1716516438077708
0.05970491933040931
0.07711885307655959
0.2454535570300993
0.1053128428146487
0.1044836083396536
0.206479513254322
0.1318483636027477
0.1177513677565778
0.173310112757761
0.1932117518831472
0.1235560129900448
0.164188527670063
0.06385109365963546
0.176627052611992
0.1268729528442758
0.1791147560369773
0.24794126143221
0.2736475448139378
0.2811106609516457
0.173310112757761
0.2388196753673866
0.1442868885446767
0.277793719143164
0.2122841545792877
0.2106256856292975
0.1998456315916093
0.1956994572623831
0.2023333369708452
0.2620382543470039
0.2835983643766309
0.2927199494643289
0.2462827915050944
0.1384822433112098
0.1857486357454394
0.1467745939239127
0.2670136631512251
0.3540833396989791
0.2446243186466029
0.0746311496515743
0.1840901648411985
0.2952076528893142
0.2545751421177974
0.1940409863581423
0.2172595672920102
0.149262297348898
0.2653551942012349
0.1169221332815827
0.3300355262443668
0.3938866199040022
0.3582295120739546
0.2736475448139378
0.1484330628739029
0.2910614805143388
0.335010935048588
0.3507664017989987
0.2811106609516457
0.2794521880931541
0.1832609303662034
0.3474494638990183
0.2927199514185796
0.3151092939689511
0.3350109311400867
0.2545751421177974
0.4652008277470948
0.2255519159504625
0.2189180342877498
0.2197472687627448
0.3043292379770123
0.2437950861258585
0.3905696741870192
0.2819398954266407
0.2645259597262398
0.2015041005415995
0.1956994553081325
0.3076461778312433
0.3391571093778141
0.3184262357774328
0.2985245946977959
0.3300355262443668
0.3325232277151014
0.277793719143164
0.3225724081524083
0.29603688931856
0.2048210403958305
0.433689896200524
0.2413073807466226
0.4303729583005436
0.3515956343197432
0.3731557423951196
0.3872527382412895
0.3292062917693717
0.2993538272185404
0.3283770553401259
0.4602254189428736
0.3292062878608704
0.3491079269862566
0.2214057396669857
0.5439781546592712
0.6028538375604348
1.056445382657598
0.9337186012111727
0.9959112288521939
1.014983633502585
0.8988907317646214
1.029080626417379
0.7612377170656548
0.9801557611246579
0.8491366300426546
0.9046953799294644
0.6841188669204712
0.8284057574193986
0.9569371811679153
0.7264098495733543
0.6857773378247121
0.7396776089902783
0.9154754329900272
0.9138169591544104
0.643486352240453
0.7007035691230024
0.7869440082643853
0.6335355326777599
0.4826147654017464
0.6700218749828026
0.7239221441941183
0.6244139466129366
0.6940696864831642
0.6202677703294598
0.5854399067456605
0.539002742923674
0.5108087551398356
0.5166133974419266
0.5232472771503887
0.4444699551238389
0.5497827969613622
0.6169508363379806
0.4544207737094066
0.6459740537111877
0.455250009161527
0.6443155867154481
0.6070000167752876
0.5788060231286971
0.5530997348613427
0.5373442720194332
0.5804644950100633
0.565538263711773
0.4685177676013259
0.5937322554041128
0.5605628539304264
0.5348565685944479
0.5589043781405589
0.5448073910885169
0.7131420921106808
0.5025164045271326
0.604512306510425
0.4552500081844017
0.5904153106642551
0.4660300641763406
0.622755476685821
0.2894030096100979
0.3341816986193422
0.3134508259960863
0.3491079318718832
0.1940409863581423
0.2015041044501008
0.1956994572623831
0.1857486357454394
0.1832609323204541
0.2313565631381801
0.233844268517416
0.2313565611839294
0.1218975420858039
0.1998456325687346
0.2313565631381801
0.1185806022315729
0.1791147589683533
0.1393114777862048
0.1442868885446767
0.1757978181369969
0.2346735029924111
0.1359945379319738
0.2039918078750861
0.1907240484581619
0.1716516438077708
0.05970491933040931
0.07711885307655959
0.2454535570300993
0.1053128428146487
0.1044836083396536
0.206479513254322
0.1318483636027477
0.1177513677565778
0.173310112757761
0.1932117518831472
0.1235560129900448
0.164188527670063
0.06385109365963546
0.176627052611992
0.1268729528442758
0.1791147560369773
0.24794126143221
0.2736475448139378
0.2811106609516457
0.173310112757761
0.2388196753673866
0.1442868885446767
0.277793719143164
0.2122841545792877
0.2106256856292975
0.1998456315916093
0.1956994572623831
0.2023333369708452
0.2620382543470039
0.2835983643766309
0.2927199494643289
0.2462827915050944
0.1384822433112098
0.1857486357454394
0.1467745939239127
0.2670136631512251
0.3540833396989791
0.2446243186466029
