0.1353658360457565
0.1155880464063267
0.05040304751161279
0.03815433295156927
0.1147088395084548
-0.001524781294434366
0.0710844525545663
0.01557311355998671
-0.005537815836465193
-0.03024316092045478
0.02039814162384978
0.09253778320043003
0.06184071801361387
0.07614546035869151
0.007253623655091765
-0.003564491966627193
0.08718100140858615
0.09388164363712012
0.1369464579443189
0.07049037722523618
0.08122025413992728
0.07861967293743942
-0.02748456140266542
0.05300462666131487
0.09507787735938716
0.02381543557159603
0.04207013505245818
0.05298002152626092
0.1078226183493691
0.04134540400002152
0.06926267897097946
0.09092688461377596
0.02125467522539785
0.02321784580249288
0.08202011400760427
0.1073064723713496
0.04442822557682154
0.07263423219051524
0.03447511552798527
0.075754792074052
0.02885395240586217
0.05696793539936792
0.08940470860003391
0.04003418975611028
0.1308953180352519
0.07543498475471064
0.09058112616530034
0.1702225814750246
0.03851065389027267
0.09785165723364724
0.1121774548045532
0.03051519518588773
0.127396705286821
0.07323079770965571
0.03972940110985224
0.07684080995867219
0.04158567176875227
0.03511871714644022
0.07758122301071933
0.04422158010109949
0.1940778314515396
0.5827343345670185
0.5437426500587458
0.5981225062791189
0.6787290758018693
0.7597648674713156
0.8952529965888244
0.6298940715471205
0.716886599302999
0.7387394370562053
0.85105066538866
0.8370841807595247
0.6214020371826202
0.7509042072582007
0.8043764736250699
0.6789383805901484
0.6094748349358
0.6709521513762539
0.5086167380833542
0.5038501136367106
0.4146780727374696
0.4263773746501129
0.5062761276720644
0.3381979086090751
0.4761321023470912
0.3620586829086662
0.5429865610004506
0.3182646008156438
0.4212064166202995
0.6078773464194146
0.501828495591396
0.6421881779117501
0.4294111592408822
0.4688336618183853
0.5648823532749063
0.4109619985156288
0.5099938667531954
0.515624654325786
0.4397221059275735
0.4654448311477986
0.3796284549591926
0.3301353698875109
0.485462160833499
0.4015250106611077
0.34513173754659
0.3630272141431515
0.337866802531924
0.4142314638590001
0.4563051192660782
0.5288835538921369
0.3822952030547377
0.425942459057594
0.4115895142171669
0.6168924713418258
0.3574392910277971
0.2838023569236544
0.3881453143026145
0.3673816779433509
0.4914767885495719
0.486162895351989
0.383274213232238
0.2856716552684385
0.1443778987262933
0.1990036353816848
0.05318140583725094
0.04370138237442545
0.1139436273614842
0.03968038311152702
0.01895430508146227
0.06749906709784194
0.07325195404403428
-0.01324027338625725
0.01711048686995464
0.06806333895300566
0.05103569753582296
-0.003905471663715111
0.08146108909275089
0.06962454040698637
0.02472488817658612
0.07673826894242126
0.09726196744270123
0.0614951739129093
0.05653860105378382
0.0660279646880183
0.08532437456336252
-0.0005582912121166441
0.002269571411716579
0.02611441502640783
0.06960784834257706
0.02477497224100969
0.08495681610252682
0.03451627964339288
-0.005420823658372414
0.02788174940583606
0.0007375495333259029
0.03118726165835849
-0.0337943773664948
-0.01111889621329114
0.02055848986539921
0.1470980612656826
0.02529771214795161
0.0112852278721079
0.06492300441454131
0.06568789514454289
0.03528111733606137
0.04651032700160242
0.03019944241559306
0.02994545676900695
0.05079217449445019
0.02142523619605021
0.01839494050129024
0.03043623238519541
0.02726035239097352
0.00677229903517636
0.01324540527494348
0.000939659315993561
0.01488611612951866
0.03942546354725319
0.1028612935650421
0.05800907792928801
0.0463606703300374
0.1303427865361812
0.01499387087395277
0.1092423420172202
0.03474514307691371
0.09468870398687648
0.02203243346932275
0.1335332744356883
0.01550230726776472
-0.04466967906298426
-0.01454799499157903
-0.02798828193613898
0.08767256206367165
0.0513629108062014
0.04906948892585072
1.458164179456179e-05
0.02453865634246203
0.1205903952864551
0.07981294362892018
0.09465056463519836
0.07923956215051779
0.06641987615047214
0.157143136515779
0.003225826126247368
0.05968182684008585
0.04126952503301221
0.03550802999549045
0.09987398229291473
-0.00233249083135484
0.04425152160580857
-0.03085879385156592
0.08155306814221183
0.03168062898511481
0.05792351731314772
0.04673694520110816
0.01627958557158881
0.07707541433999453
0.0001458290589680136
0.01102768556394882
0.0004677260335301981
0.04783604178062416
-0.06921161643777009
0.03811828227366614
0.05355124075516532
0.1164439847806029
0.02272549893077532
0.02994866334884945
0.01021666004214677
-0.01183849583504963
0.04427007046105617
-0.03425327741463358
0.02397811689310604
0.03353120028334498
-0.01415448607553521
-0.03350178034512619
-0.01608706355948622
-0.02870069382807102
0.0542032619880909
-0.001931607998666112
0.01253051097933807
0.03002498581160412
0.1404477915157892
0.2584236388534084
1.003760673358834
1.167678603342717
0.9068070005355576
0.9568646823340614
0.8841567649697041
1.103758518722779
1.012013943346424
1.047786503250008
1.228305735625844
1.154084990493182
0.8811800566757166
1.035873560338169
1.392297680889606
1.021463740842279
0.8265107577223831
0.9285280835818654
1.104273345873139
1.005024931478181
1.168389775563868
1.036010282574291
0.8182514412301868
0.982596600436847
0.8716729805612919
0.7216709178833387
0.5804777247048225
0.7200446614097477
0.6555790147339253
0.8161774973869238
0.8092247081851519
0.8317734814615041
1.078365171521846
0.955451750637817
0.9481307345255346
1.024397917264853
0.8655317798451978
0.7863300482442396
1.26861946673969
0.7779441680953865
0.7533847263723578
0.8260491108625192
0.6808137475286128
0.8353805024075512
0.6975878718283666
0.8983949949266175
0.9746314838895341
0.9506280536631434
0.8806896973365091
0.8802300083891196
1.055767892823615
0.9553619103943843
1.280115792043615
0.998652797184488
1.152141053571896
1.041427849952403
0.980486036389204
0.9860505639426129
0.9166608581445138
0.8334149361996808
0.9261685519809489
0.7538017903418384
0.6957169730333111
0.4993582050534207
0.5085858702377193
0.2085521149010984
0.2989243015591745
0.2311231502545114
0.1580345869799257
0.199827510744842
0.203995037921575
0.08515300947450602
0.1448054419266797
0.1601920679597296
0.04503063665280395
0.07292523705810137
0.09970329759465704
0.1160672886860643
0.01943384966614691
-0.03701189687540237
0.01918645709789686
0.07598029296944367
-0.008199234380132382
0.05246190203077816
-0.01123451283615497
0.04814009897492792
0.03532372055204448
-0.0529914302125474
0.002462609010032827
0.0236839128261501
-0.08957202033066466
-0.04076486194512755
0.08128065013145613
-0.04611032716919133
0.05115603775936137
-0.07086452201860353
0.02547414200768496
-0.118158272130251
0.0473059648463149
-0.002176821076686287
-0.09713837593119092
0.04059982130633823
-0.02016520284771644
-0.0134291504132044
-0.04630145513562538
0.03391417014608764
-0.01214302214737809
0.05365990507088739
0.1326309859076799
0.01362762946131018
0.0489453986043076
0.02337404043439569
-0.01013896881576835
0.07208983437802764
-0.05375144591132455
0.0666211579592588
-0.1578907529124559
0.03560623834711604
0.03909815401666694
0.01088568149384594
-0.05776030213744552
-0.02967749000770575
0.04950641737218205
0.02274430607639564
-0.01747571525405403
