0.04729870164822306
0.01576623532770215
0.03865646074064529
0
0.02208940700514332
0.02208940700514333
0
0.02759091073975792
0.01576623532770214
0.05199457479013849
0.01839393977069138
0.03488520718199171
0.03488520718199171
0.03152334441773166
0.04923589654217368
0.02759091073975793
0
0.03499225600166748
0.05635800903541197
0.04136028960541568
0.01576623532770215
0.04689553075327416
0.06574955397960519
0.03499225600166748
0.03152334441773166
0.02208940700514333
0.02208940700514332
0.03152334441773166
0.04923589654217367
0.03152334441773166
0.02208940700514332
0.02208940700514333
0.02679744719728307
0.04145293244795042
0
0.04136028960541569
0.08510345645491091
0.03152334441773166
0.05265438282501057
0.03152334441773166
0.05784269563526749
0.01839393977069138
0.02679744719728307
0.04417881401028664
0.03609045445918747
0.05687632628407139
0.05531721179214572
0.06574955397960519
0.04401570708052983
0.04401570708052983
0.06285015974607669
0.04687303066596235
0.04379290701148499
0.09824070903793582
0.04401570708052983
0.04599736298757997
0.02208940700514332
0.06256110787639203
0.08118725892122222
0.07972311571608645
0.1351625713827747
0.2859484115274518
0.2783059199224031
0.1774638317699534
0.1532415391202699
0.1933489810226311
0.1869839083465567
0.1437240564241453
0.1507731097687103
0.141376728420236
0.1532154077163487
0.141202401256537
0.1802464403697542
0.1785362015459332
0.14593950441345
0.1658231495232295
0.1647570405379974
0.1871032780196497
0.2278404533161587
0.1448313270253604
0.1774387446218706
0.2130114112331195
0.1668576374452789
0.2116578591235124
0.2121606504682821
0.1925054756866751
0.1603506159492634
0.1906622651846136
0.1598223536347002
0.2422948194752302
0.2242795347284779
0.1727069749738883
0.2036882002748797
0.2044175676859828
0.1803173634434551
0.2025814331752313
0.2451178252027785
0.2140772141842704
0.1527649170255386
0.2009916957306103
0.1901907176207613
0.1836082511195223
0.2326110933120107
0.1996349939732883
0.1885355161892916
0.1929419985547275
0.1458650668134889
0.2305169799400502
0.2275421838153446
0.1839618613534105
0.1751520957018755
0.1693355476683659
0.1487767730637017
0.2116513242419606
0.2481330378466616
0.2292052040246496
0.1698993401998402
0.1635502546333918
0.1795655466878842
0.1750774784528684
0.2221211661169039
0.1786766081927868
0.1250501477339343
0.07815308409741679
0.09996152720294657
0.06606349256325876
0.05722303348164829
0.06187210428617144
0.06752828822504925
0.0840865861754744
0.05855659877829163
0.09438427566578891
0.08115102780566893
0.05167821370136753
0.08032073295983214
0.07783215501577034
0.08089180684744582
0.05874749479974152
0.05725947246969682
0.08338222942479916
0.06210416330183049
0.05616880993199699
0.02759091073975792
0.06123644559766177
0.03152334441773166
0.01576623532770215
0.0530173976343877
0.04136028960541569
0.02759091073975792
0.08880906386057988
0.0734975150535427
0.06285015974607669
0.03488520718199171
0.06123644559766177
0
0.03152334441773166
0.06435197308397959
0.08397359368921957
0.03152334441773166
0.05120656408709972
0
0.03488520718199171
0.02759091073975793
0
0
0.0315324706554043
0.05518182147951586
0.03678787954138276
0.03152334441773166
0
0.02759091073975793
0
0
0.05518182147951586
0
0.02759091073975793
0.02759091073975793
0.03152334441773166
0
0.03975475493948386
0.03152334441773166
0.05518182147951584
0.04898398835643389
