0.01945512816726076
0.02918269339713433
0.02724262850482761
0.02724262850482761
0.01945512816726077
0.0393606497855793
0.01945512816726077
0.01945512816726077
0.02724262850482761
0
0.01945512816726077
0
0
0.01945512816726077
0.02724262850482761
0.02724262850482762
0.0272426285048276
0
0
0.02724262850482762
0
0
0.01945512816726077
0.0272426285048276
0.0272426285048276
0.04686999030554687
0.01945512816726076
0.01945512816726077
0.04316044054117887
0.01945512816726077
0.02724262850482762
0.02724262850482761
0.01945512816726077
0
0.01945512816726076
0.01945512816726077
0.01945512816726077
0.01945512816726077
0.04686999030554687
0.02724262850482761
0
0.0393606497855793
0.04677092092899972
0.0272426285048276
0.01945512816726076
0
0.0393606497855793
0.03774849336166843
0.0452588536053626
0.0272426285048276
0.04835086912077118
0
0.03774849336166843
0.03936064978557935
0.04316044054117886
0.03302993169145992
0.05706339112757997
0.0548454497238313
0.07793009873269718
0.08251611426976753
0.1721014504251605
0.2303176058461841
0.1887861006437486
0.2052943103172254
0.2269355678493072
0.1990389380802541
0.1449323500176892
0.156493210855166
0.1320722513075786
0.1429828912333908
0.1289051089310212
0.1267902298074036
0.1722158286450167
0.1563285866579147
0.1406060354057751
0.1302470064487375
0.1382522001133416
0.1259194115530221
0.1259112553579722
0.1457318272094189
0.1356419046929638
0.07565199556792564
0.1180359259041394
0.09578958619469295
0.1660467995781001
0.1160175482226339
0.100643589640966
0.1107976794664736
0.09502618997147298
0.08838487708721754
0.1159598886194309
0.1305037462422811
0.1043044803266657
0.09125430074508266
0.1240452294749468
0.1158958667093843
0.0988711199203631
0.09883401327764318
0.09362938876400687
0.1322618072659141
0.08549820646524831
0.1085518650778666
0.1370771666115177
0.1194441568256654
0.1006351239819749
0.09626768952827335
0.1059028492656206
0.13026502851757
0.08118003926326763
0.1071828240847893
0.07641723659439711
0.1114198446593116
0.08919679474953907
0.08256038395142949
0.0836258070617729
0.06825228947086683
0.05435166057910325
0.06010412349620152
0.04743532900686569
0.05743411560660209
0.04064653582785195
0.04425547722571461
0.03516434080691346
0.06665219009617623
0.03774849336166843
0.01667582545335856
0.02537444401065639
0.01945512816726076
0
0.01945512816726076
0.01667582545335856
0
0
0.01945512816726077
0
0.06115955148158756
0
0
0
0
0
0
0.0253744440106564
0.0253744440106564
0.03891025633452152
0.04316044054117885
0.04316044054117886
0
0.01945512816726076
0.0272426285048276
0.04316044054117883
0.01945512816726077
0.01945512816726077
0
0.03891025633452153
0
0
0
0.01945512816726077
0.03891025633452152
0
0
0
0.01945512816726077
0
0
0.01945512816726076
0.01945512816726076
0
0.01945512816726076
0.0272426285048276
0.01945512816726077
0.01945512816726076
0.01945512816726077
0.01945512816726076
0
0
0
0
0
0
0
0
