0.01346324403125369
0.01176662052950428
0.01177127502572277
0.01222902324991191
0.01040315961402792
0.0112081267578883
0.013745392891837
0.01246885490007596
0.010562121180961
0.01135102732723238
0.01569389050803205
0.01027048859292935
0.01329506365456674
0.01437504425858984
0.0154055317352049
0.01145653054583745
0.01042759218665237
0.01381689794500445
0.01257043719143127
0.01418336523985069
0.00997446623234804
0.01206252776581637
0.0140664218934882
0.01188334891603771
0.01162313952820031
0.01506150429529294
0.01023786086231869
0.0105136948478948
0.01358454376136961
0.01330301072208353
0.01241948437845181
0.008812653504387211
0.01288821505123984
0.009588692171997896
0.01037375014837364
0.01288079390904441
0.01256294478044026
0.01216406533091483
0.01288139538640105
0.01289094159816749
0.0109923431802769
0.01243437447802563
0.01171411741344014
0.01257471362931049
0.01114504987129599
0.01217467635024326
0.01087680978150593
0.01113965408582032
0.01417263944384965
0.01239638647808208
0.01436073050747786
0.0127560109077925
0.01305494431241155
0.01262161533101529
0.01230029495910227
0.01325316855179645
0.01134015994712577
0.02166911169308421
0.01911476115862207
0.01721930016400045
0.02909096393707836
0.08609582722117838
0.07892668753610532
0.0537849825746198
0.04117899457448309
0.04780483667558497
0.04595178887853538
0.04334483685916211
0.04736330146837183
0.04477378902488571
0.04633148595942478
0.05614941241047974
0.05512152024387884
0.05219309142076459
0.05255245780008676
0.0530313684850213
0.05384463577979293
0.05938444719560033
0.05731425419191444
0.05591138479536954
0.05829747815480176
0.05659747304093733
0.05750993912889386
0.06286395742230415
0.06088764297498116
0.05512441062871909
0.05825919359819261
0.05834634429919282
0.05560255823199219
0.05808751091418243
0.06015876623934961
0.06037293531209072
0.05900842242546854
0.05363435184084607
0.05655042023476027
0.05942218968570102
0.06163041811507271
0.06363755344877135
0.0588493378994043
0.05924664762945534
0.06229138010216369
0.05755961918749315
0.06563939049062316
0.0590931748656185
0.05864031113459472
0.06062948388893941
0.06459181017387314
0.06219313055071604
0.06274370651530169
0.06252061655251148
0.06158758833451309
0.0600452561844055
0.0649812364847529
0.06496036100407854
0.06447145425595149
0.06275909895845494
0.06007322973894717
0.06035900487383612
0.05906842323316835
0.06210599524237533
0.06251188978067317
0.05618722541096993
0.04764356210694442
0.04128807513018885
0.03356309978623578
0.03067528489406481
0.02737323140437641
0.0264118183161995
0.02321190419316028
0.02243174604706204
0.02049306218520173
0.02125770398450062
0.02061038518293847
0.01663971424346669
0.01730727726423483
0.01662867294989087
0.01504977398784531
0.01736865666123869
0.01235424686143371
0.0161502647149918
0.01461888489520827
0.01431620586940476
0.01039748322704873
0.01192958412548552
0.007800317823470015
0.00959300683775679
0.009749841630806085
0.009476189164944755
0.01009765004496426
0.01254523821395637
0.01125730235687761
0.01047239812621048
0.01007666936990202
0.009849462995533027
0.00932269580904645
0.009671242992901655
0.01348465204145916
0.007652464497811423
0.009561194165243897
0.009186636576125557
0.01035662213244681
0.01179273685067423
0.01055646505802174
0.009512517682468908
0.0120398164760183
0.009256691710766362
0.01021894040372455
0.0093125833567773
0.01063699118270859
0.008857911027428186
0.01006634995733638
0.009819296082587798
0.01079590962755021
0.009129108648715082
0.009472202317145859
0.00990300080630511
0.009612502828464301
0.007919683158517174
0.01067384105726531
0.009330377180324466
0.009612332526519765
0.01055373012033992
0.01150551255397411
