0.04729870015924627
0.01576623483137651
0.05518181974237615
0
0.03153246966275302
0.03153246966275302
0
0.02759090987118808
0.01576623483137651
0.105108228596774
0.01839393919164484
0.0591233795339411
0.0591233795339411
0.04335714470256458
0.08671428940512917
0.02759090987118808
0
0.04729870449412953
0.07883116982199929
0.07094805457375267
0.01576623483137651
0.08277272961356423
0.1300714341076938
0.04729870449412953
0.04335714470256458
0.03153246966275302
0.03153246966275302
0.04335714470256458
0.08671428940512917
0.04335714470256458
0.03153246966275302
0.03153246966275302
0.04729870449412953
0.09328355355696245
0
0.07094805457375267
0.1143051927739924
0.04335714470256458
0.09196969812566584
0.04335714470256458
0.07357575893402099
0.01839393919164484
0.04729870449412953
0.06306493932550604
0.06175108389420943
0.1418961091475053
0.1261298743161288
0.1300714341076938
0.0748896143653176
0.0748896143653176
0.09853896444494074
0.105108228596774
0.08671428940512917
0.2246688387610696
0.0748896143653176
0.1024805242365057
0.03153246966275302
0.2075887528332797
0.2614567214792425
0.316638539054177
0.5886060714721679
1.823627743937752
1.696184015274048
1.090497862208973
0.7410130088979547
0.8388950412923639
0.9216677763245322
0.7646623459729281
0.8402088913050565
0.7364145278930664
0.8612305402755738
0.6963420141826976
1.060936173525723
0.9262662497433749
0.8730552163991061
0.9886742678555576
0.748896120895039
0.971594162420793
1.195606092973189
0.8402088923887773
1.128599587353793
1.220569294149225
0.9584556503729387
1.353268426114863
1.490566045587713
1.238306295871735
1.406479472463781
1.151592024889859
0.7324729713526639
1.399253255670721
1.246189414371144
1.303998947143555
1.287575788931413
1.05633768601851
1.290860416672446
1.282977292754433
1.694213247299194
1.467573628642342
1.26589720249176
1.420931845361536
1.393340931155465
1.389399377866225
1.449836604161696
1.487281421097842
1.38348705551841
1.050425331159071
0.8789675604213368
1.501076863028786
1.537864748998122
1.449179678613489
1.320422098853371
1.206116916916587
1.012980551069433
1.455748956853693
1.359180756048723
1.392684013193304
1.02349137284539
1.176555226065896
1.254072549126365
1.221883141994476
1.392027080059052
0.9341493660753424
0.5912337888370861
0.3613095413554798
0.3212370233102279
0.2272965474562212
0.1635746836662292
0.1655454635620117
0.1839393984187733
0.248318193175576
0.1583192684433677
0.2995584531263872
0.1839394027536566
0.1169329036365856
0.2325519583441994
0.1852532538500699
0.181311694058505
0.1458376689390703
0.1300714341076938
0.1694870190186934
0.1064220796931874
0.09065584486181086
0.02759090987118808
0.08277272961356423
0.04335714470256458
0.01576623483137651
0.1182467590678822
0.07094805457375267
0.02759090987118808
0.1418961026451804
0.1694870190186934
0.09853896444494074
0.0591233795339411
0.08277272961356423
0
0.04335714470256458
0.1143051992763172
0.09853895794261586
0.04335714470256458
0.1024805242365057
0
0.0591233795339411
0.02759090987118808
0
0
0.03153246966275302
0.05518181974237615
0.03678787838328968
0.04335714470256458
0
0.02759090987118808
0
0
0.05518181974237615
0
0.02759090987118808
0.02759090987118808
0.04335714470256458
0
0.05255411321466619
0.04335714470256458
0.05518181974237615
0.09853896444494074
