0.05346751210827366
0.08470516118893238
0
0.06483888234158927
0.05346751210827366
0.03817610024539222
0
0.03817610024539222
0
0
0.03817610024539222
0.0682093555779358
0
0.1010044685017284
0.03817610024539223
0.03817610024539222
0.05346751210827367
0.05726415261732016
0.05346751210827366
0
0.03817610024539223
0.07726444714673576
0
0
0.05726415261732016
0.07726444714673576
0
0.03817610024539222
0.08470516118893238
0
0.0682093555779358
0
0.0682093555779358
0.03817610024539222
0
0
0
0.08470516118893236
0
0.03817610024539223
0
0.03817610024539222
0
0
0
0.0847051611889324
0.03817610024539222
0
0
0
0.03817610024539222
0
0.03817610024539222
0
0
0
0
0
0
0.03817610024539222
0.03817610024539222
0.1296777685797115
0.1339306232125043
0.2569671150340256
0.1638598908954895
0.0682093555779358
0.09200117246783868
0.03817610024539222
0.1296777685797115
0.05346751210827366
0.1638598908954895
0.1250567114740051
0.07635220049078445
0.1457072709899636
0.07726444714673576
0.07726444714673576
0.05346751210827366
0.1859719661634897
0.1567796526873984
0.1250567114740051
0.1718740110763262
0.1360071916000073
0.2765107834117576
0.1289190926901706
0.1339306232125043
0.1812398564084845
0.1436245928912626
0.1154423499775723
0.1912105806020422
0.2318235699841568
0.1667422794741285
0.1899974768545201
0.1797647598160129
0.2345877621943752
0.2232316560799227
0.2032537876920024
0.1168299995348807
0.2657603432752477
0.1095246250513299
0.2232316560799227
0.1236480508721931
0.08503539844429546
0.2237333010323297
0.1700707998014131
0.1797647598160129
0.1728496510908585
0.2876148434993384
0.128810346035274
0.2118290744204655
0.2021129680288199
0.1670781156640058
0.2818565533404234
0.2266271286984654
0.3493686940275191
0.2979062692185218
0.1623995091124864
0.1860849629373077
0.1236480508721931
0.2628708378029739
0.2383508898781067
0.2059251392910929
0.1950562266843669
0.1168299995348807
0.0946292359946236
0.07726444714673571
0.05346751210827366
0.1010044685017284
0.06483888234158927
0
0.05346751210827366
0.05726415261732015
0
0
0.03817610024539222
0.07635220049078445
0.03817610024539222
0.03817610024539222
0
0.06483888234158927
0.05346751210827366
0
0.1010044685017284
0.07411701604031584
0.1010044685017284
0.05346751210827366
0.05346751210827366
0.03817610024539222
0.05726415261732016
0.05346751210827366
0.03817610024539222
0
0
0.03817610024539222
0
0.03817610024539222
0.07635220049078445
0.1145283052346404
0.03817610024539222
0.03817610024539222
0.03817610024539222
0.07635220049078445
0
0.06483888234158927
0.05346751210827367
0.05346751210827367
0.05346751210827367
0.05346751210827366
0
0.07635220049078445
0
0.03817610024539222
0
0
0.03817610024539222
0.07635220049078445
0.03817610024539222
0.03817610024539222
0
0.03817610024539222
0
0.03817610024539222
0.06483888234158927
0
