0.06597779660738178
0.06751403118421635
0.04243112041536305
0.05653557394295932
0.06766390771849289
0.04441698489652741
0.05818956865386831
0.04392988616012866
0.06532476293560532
0.05238185254865224
0.04619409227387774
0.04599068840593101
0.06913055646005606
0.05393414522508781
0.04876340449104707
0.06688240824490788
0.0438335367585222
0.04303062655246921
0.07290958682017196
0.0775557594832447
0.05481199359777902
0.05899247855842114
0.05721001844770381
0.04563205516984067
0.06753544161518417
0.05317941002133821
0.06462890759789283
0.05179305187828012
0.06187760244624484
0.04539118226882485
0.07288817548470367
0.07626575084229312
0.06771743485116298
0.06076958653877181
0.06084452460490996
0.05297600625389153
0.05624117340677316
0.05536867796844908
0.04325008892201716
0.04835124412228665
0.07212273471371997
0.0334599386892385
0.04507001846780381
0.05692632357925179
0.04945925972825952
0.08195570671293473
0.06071605880310139
0.06460749646342465
0.05656769014216133
0.07165704660928914
0.07310228471888437
0.06882545055763591
0.07736841351389886
0.08844321955376203
0.07867983328931863
0.08397903982516794
0.1208379646044639
0.1818965989460548
0.28409099192669
0.5975149655186469
2.103576189086835
2.101547505753736
1.962788589936992
1.706151770665745
1.320995812800361
1.358266896842917
1.346100136211184
1.227638784518176
1.450515911629631
1.394537025976844
1.235689298014674
1.086139265298016
1.418924077488482
1.267859224444959
1.424239344234434
1.121162203034924
1.300735716503693
1.280588031527235
1.436952088795106
1.211050662909283
1.369876978832484
1.303176565431555
1.351474280913671
1.289966018275751
1.369261416907278
1.205221535770099
1.281460522945557
1.32818453722977
1.114947679897315
1.322467814476292
1.376359139140944
1.417976644989021
1.301859792219268
1.281369525674317
1.413400056854718
1.347304499208762
1.288809828270475
1.420042798561189
1.42859111555732
1.241138378572299
1.45969585126357
1.355777881254256
1.489028833330837
1.658052101393707
1.258904105541938
1.346009141050445
1.364358311836587
1.747822802440491
1.490174317266378
1.405285312065317
1.512281105670168
1.387005729626947
1.478403651667801
1.406714495693313
1.468511805832552
1.523473672447106
1.537364016238021
1.408277485695978
1.161660987408294
1.226573589070638
0.9023906205064723
0.5282827051146164
0.1625411136839125
0.137297621617549
0.09687912834518488
0.1306067039037744
0.1359005580077569
0.1224812538486388
0.09945379319522119
0.1126001075506211
0.110057559402287
0.1238462012592289
0.1332937762550182
0.1066103982094262
0.07740053011510109
0.1297877354976204
0.1120059538453818
0.1154905836693115
0.1101378495987919
0.0808262796709935
0.07892070649183461
0.1055612624694904
0.07370714379035766
0.05726889821324085
0.07569836080388892
0.06977288466509847
0.06160996557689376
0.06610626200719014
0.07981996559699378
0.06246105008174977
0.05794334281848538
0.05453365156319408
0.04936291072865328
0.05095802537252507
0.07182298154466683
0.05872484219157035
0.06080705547134083
0.06369753159003128
0.05565772546976806
0.07783410121632948
0.05520809616843861
0.05657304307652846
0.05492975373185344
0.08204135054730709
0.04156933014227285
0.06125668507417045
0.04474885426478255
0.06811353732132251
0.05432489496188033
0.04586222320712276
0.07589105930560167
0.06721427791466317
0.06092481550491519
0.07114853703992237
0.06301773435191978
0.06401334305968551
0.05196969207939175
0.05567913660423625
0.04475420689764951
0.05550784873449141
0.05560419783459771
0.06682352868037093
0.04735563551502096
