0.05154194562971965
0.03678787954138275
0
0.03678787954138275
0.06252737188173715
0
0
0
0.07357575908276554
0.03678787954138275
0.03678787954138275
0.03678787954138277
0.03678787954138275
0
0.0816485909232072
0.06575101136474537
0.05154194562971966
0.1048914645386013
0.06575101136474536
0.0657510113647454
0.05518182147951584
0.03678787954138275
0
0
0.06575101136474537
0
0
0.03678787954138277
0
0
0
0
0.0657510113647454
0
0.07357575908276554
0
0.05518182147951584
0.1311680799290326
0.1350281720420758
0.03678787954138275
0.05518182147951584
0.03678787954138277
0.03678787954138275
0.03678787954138277
0.05518182147951584
0.09114852566815967
0.03678787954138275
0.07357575908276554
0.03678787954138277
0.05518182147951584
0.115685391270535
0.07731292148129057
0.06575101136474536
0.08473643781868778
0.05518182147951584
0.03678787954138277
0.05518182147951584
0.05518182147951584
0.05154194562971964
0.05518182147951584
0.1071957467862268
0.2180139626591127
0.226471608494111
0.293129798316619
0.3416889560320338
0.2665065050907824
0.2432517006003798
0.3296495752754764
0.192657276602516
0.2040600826203172
0.2426327378599647
0.282351257413029
0.1613285153986313
0.2790701897496875
0.163565548140698
0.2078626689163089
0.2099620515020124
0.1944699533153747
0.2875405151575189
0.1853983199882946
0.1770665590758133
0.1718956121395453
0.2099620515020123
0.1944377310235852
0.1924945978753796
0.1311680799290326
0.2191319192076643
0.2176976049984309
0.145868571272386
0.1850600637804906
0.1816083582140817
0.251608069069219
0.193306613283299
0.15462584185485
0.1544231051509514
0.149013203766184
0.1549900956470755
0.1615225837329483
0.1547878355371168
0.1778080900554694
0.1579928956060065
0.1103636386241482
0.1693249288745095
0.2078626787832868
0.1140490220719044
0.1653940015738364
0.1386002355509333
0.1268949817516819
0.1180443708200519
0.1795264207294927
0.1398154572558697
0.173528086569689
0.1350281720420758
0.1755027108409753
0.1717862300987296
0.1815393466931713
0.1172989322132168
0.1448772839693394
0.1674645674380787
0.1519279596864727
0.1519279596864727
0.0745066008228196
0.09713827267169109
0.1579928965592877
0.08164859092320721
0.03678787954138277
0.05518182147951584
0
0.05154194562971963
0.05518182147951584
0
0.03678787954138277
0
0.03678787954138277
0
0
0.1103636429590317
0.09114852566815967
0
0.05154194562971965
0.06575101136474533
0
0.03678787954138277
0.05154194562971965
0.05154194562971965
0.07450660082281961
0
0.05518182147951584
0.03678787954138277
0.05154194562971962
0.03678787954138277
0
0.03678787954138275
0.06575101136474533
0.05154194562971963
0.06575101136474533
0
0.05518182147951584
0.06575101136474533
0.07450660082281961
0.03678787954138277
0.03678787954138275
0.03678787954138275
0.1330650421886694
0.06575101136474538
0.0657510113647454
0.06575101136474537
0.03678787954138275
0.03678787954138277
0.03678787954138275
0.1103636429590317
0.1412865363634387
0.03678787954138275
0.03678787954138275
0
0.03678787954138275
0.06575101136474533
0.03678787954138275
0
0.03678787954138275
0.03678787954138275
0
0.03678787954138275
