0.02855670290015797
0.03759636287471931
0.0334097602970788
0.03206893995520468
0.03475058060182237
0.03682904979070321
0.03885016811641518
0.02363838419666872
0.03526475934853108
0.03421464787585102
0.03453699851864322
0.0384665117971905
0.0325099471747288
0.03710195993946495
0.04263136039556835
0.03392591672889852
0.03202345490565735
0.03841311615572138
0.03618830361542688
0.04045401073845443
0.03458248360532111
0.03612502017962228
0.03096543302670831
0.03192061906720226
0.03508479664979995
0.02621916665281177
0.03083688854424923
0.0229501756209091
0.03267013361643884
0.04125889831722664
0.03888180966722995
0.03191468638317485
0.03161606703345069
0.02479133143354275
0.0231657353520687
0.0332515514290881
0.02839058336598434
0.04309412118591895
0.03675390042988538
0.03975195862683169
0.03876908588591713
0.03504524458132452
0.03372222277422991
0.04728863424408955
0.04675270181516268
0.04947587202971401
0.04781665645240024
0.03260882775435356
0.0428864720838117
0.03839136236211153
0.04718382072052345
0.06228881361724561
0.05438628032693429
0.07294418187894551
0.08284014720298435
0.1015641682891692
0.1561600752547995
0.2161607933415128
0.3500173719832291
0.6625174851544288
1.666513011104784
2.407666232992875
2.097853696865377
1.790762357834378
1.743544916689751
1.55842272853335
1.497567683339229
1.48111396077115
1.442212374549855
1.415142835491507
1.481339408259515
1.508988387779576
1.467094677567715
1.449836066418338
1.384748932743026
1.430900439003296
1.499956638137022
1.498255892174903
1.454139347516294
1.44162898072297
1.420628727283604
1.355711670777652
1.432274878766749
1.525491550618902
1.473005757586196
1.471433554918357
1.393171576647201
1.360230512052334
1.439639502797025
1.45425009387241
1.477249708464996
1.347773538486992
1.369388827081274
1.322208962659237
1.371783715082923
1.459314753922262
1.411359664561848
1.461310164457973
1.369594497755659
1.325934780460762
1.47486075481825
1.409536309363305
1.366991962582693
1.432573498227865
1.340679848219936
1.36195894311826
1.334966530883058
1.441346181925869
1.391907883982475
1.408116383399258
1.230787959527989
1.218370540890176
1.269913016258019
1.304440126685282
1.35909733966152
1.304726880852604
1.124076070976314
1.082747956984822
1.130714910636505
0.9926499765889325
0.66805084005249
0.4379419567183957
0.3863935481466977
0.3155416788811045
0.2839434098254748
0.266597783427398
0.2158384423645455
0.1993886739785105
0.1762545805114317
0.1696651808254433
0.1288018048638463
0.1297035952257405
0.1104634179676499
0.1161055417223688
0.1013683848892918
0.0875923462609083
0.07526589712810096
0.07672141882500723
0.07128101111706255
0.07273653266544657
0.05887743456702074
0.05842851686696652
0.06549254356536324
0.04876986525334993
0.05388001161518894
0.04401964306366463
0.04989314777051727
0.04808363388000402
0.03999322726190922
0.0502253864675589
0.03878095184806092
0.04352524049971589
0.03621203509414773
0.0393880783789753
0.03709404945893485
0.04406710572406185
0.03765173575573269
0.03699319134272134
0.03778225825747784
0.03573543076793402
0.03824699669580889
0.03384087953661463
0.041697928000162
0.0378811388371026
0.03683893791921376
0.03823117595753206
0.04354303914588709
0.02880983701468199
0.02321122036448547
0.03171099265128962
0.04069527948492364
0.04532684398396017
0.03543681149247098
0.03869986965469343
0.02895222499587364
0.02939718754848921
0.04480475490524362
0.03126009700621046
0.03504919972876316
0.03671039299118793
0.03638210966436832
0.05085822212517457
0.03323177524632812
