0.07357575676657936
0.03678787838328968
0
0.03678787838328968
0.110363635149869
0
0
0
0.07357575676657936
0.03678787838328968
0.03678787838328968
0.03678787838328968
0.03678787838328968
0
0.110363635149869
0.09196969812566584
0.07357575676657936
0.2391212159937078
0.09196969812566584
0.09196969812566584
0.05518181974237615
0.03678787838328968
0
0
0.09196969812566584
0
0
0.03678787838328968
0
0
0
0
0.09196969812566584
0
0.07357575676657936
0
0.05518181974237615
0.2391212159937078
0.2759090943769975
0.03678787838328968
0.05518181974237615
0.03678787838328968
0.03678787838328968
0.03678787838328968
0.05518181974237615
0.1287575765089555
0.03678787838328968
0.07357575676657936
0.03678787838328968
0.05518181974237615
0.147151517868042
0.1103636394847523
0.09196969812566584
0.147151517868042
0.05518181974237615
0.03678787838328968
0.05518181974237615
0.05518181974237615
0.07357575676657936
0.05518181974237615
0.2943030314012007
0.7725454590537332
0.8645151658491654
1.122030327536843
1.821000042828647
0.882909107208252
1.08524244481867
1.305969706448642
0.9380909182808616
0.9564848553050648
0.9564848639748313
0.9013030442324552
0.4414545492692427
1.011666670712558
0.4598484949632125
0.5886060541326349
0.7725454633886164
0.6989697066220371
0.9748787966641512
0.4966363690116189
0.3862727381966331
0.5150303103707053
0.7725454633886164
0.5334242473949086
0.5702121257781982
0.2391212159937078
0.7173636479811235
0.8461212201551958
0.5150303060358221
0.5886060671372847
0.4782424276525324
0.9380909269506281
0.6621818282387474
0.4230606122450395
0.6070000041614879
0.3494848554784601
0.4782424276525324
0.5334242473949086
0.570212121443315
0.4966363690116189
0.3494848554784601
0.2943030270663174
0.404666670885953
0.5886060671372847
0.3126969727602872
0.4230606079101563
0.3126969727602872
0.3678787881677801
0.3494848511435769
0.4414545492692427
0.3678787881677801
0.4230606122450395
0.2759090943769975
0.5886060671372847
0.5518181930888783
0.4598484949632125
0.2391212159937078
0.2759090943769975
0.5886060671372847
0.3862727338617498
0.3862727338617498
0.1287575765089555
0.2207272746346214
0.2575151573527943
0.110363635149869
0.03678787838328968
0.05518181974237615
0
0.07357575676657936
0.05518181974237615
0
0.03678787838328968
0
0.03678787838328968
0
0
0.1103636394847523
0.1287575765089555
0
0.07357575676657936
0.09196969812566584
0
0.03678787838328968
0.07357575676657936
0.07357575676657936
0.1287575765089555
0
0.05518181974237615
0.03678787838328968
0.07357575676657936
0.03678787838328968
0
0.03678787838328968
0.09196969812566584
0.07357575676657936
0.09196969812566584
0
0.05518181974237615
0.09196969812566584
0.1287575765089555
0.03678787838328968
0.03678787838328968
0.03678787838328968
0.2207272789695046
0.09196969812566584
0.09196969812566584
0.09196969812566584
0.03678787838328968
0.03678787838328968
0.03678787838328968
0.1103636394847523
0.2391212159937078
0.03678787838328968
0.03678787838328968
0
0.03678787838328968
0.09196969812566584
0.03678787838328968
0
0.03678787838328968
0.03678787838328968
0
0.03678787838328968
