0
0.03771403963324697
0.01983660097217532
0.03583160825777089
0.03902421863862552
0.01983660097217531
0.01700280216897144
0.02380392303656002
0.01700280216897144
0
0.03400560433794288
0.0534439978710785
0.01983660097217531
0.02380392303656002
0.02586686891846591
0.03967320194435064
0.0305472628216834
0.02586686891846591
0.03400560433794288
0.03771403963324697
0.0305472628216834
0.03902421863862552
0.0794192443542486
0.04213509448598951
0.06156329153909732
0.07356755285460581
0.0305472628216834
0.01700280216897144
0.04699667839020958
0.04673966599098889
0.03902421863862552
0.04490299458908496
0.04399970944899743
0.05487630531929584
0.01983660097217531
0.06399119740172447
0.04023597153362327
0.03214583805359326
0.05017347022502636
0.03214583805359323
0.01983660097217532
0.03902421863862552
0.0456795934321021
0.0358316082577709
0.0534439978710785
0.02885471211084728
0.05853632450550018
0.05653129400568268
0.04213509448598951
0.04664937831251709
0.0566857642823106
0.03886647686444201
0.04699667839020958
0.03214583805359324
0.0358316082577709
0.09786093286151379
0.05234482415528442
0.06727276973371224
0.04555705328285008
0.08335853417580739
0.1779176216677869
0.3024544963885504
0.2543586313023706
0.2287105786084205
0.2037832280635367
0.2072509145857555
0.1996974795453759
0.1510919903375453
0.1435650374826025
0.1544433533332698
0.1726620388188401
0.2044159057537261
0.2240105452008011
0.1784890236194312
0.1652907593939188
0.1507868444836543
0.1496295106514925
0.1948174144385398
0.1896974965919759
0.1776697793428756
0.1878516974603544
0.1529703912136147
0.1675044431533415
0.1766816294514575
0.1843120735712279
0.1591197821586083
0.1840315841002745
0.157331925625088
0.1789469499858948
0.158185630929693
0.1607899111798569
0.1777892901985677
0.15857852039229
0.1527759122242597
0.1783037918030028
0.1533053037447105
0.2197848761565575
0.2013563643238883
0.1777588008520304
0.1395061749816378
0.126465827264774
0.1824139897270548
0.2050104434137396
0.1717451534735613
0.1787234250146179
0.1840283862156969
0.1856275421734551
0.1795843487685103
0.1801882746656813
0.1974891972549039
0.1446981803414433
0.1557360801719963
0.139296711015558
0.1735299750998584
0.1893604370595128
0.1541946117335551
0.1975506296690197
0.1506494678275459
0.1062550377393349
0.149989970663381
0.166835760312838
0.1190452473966956
0.1216027213961689
0.08840003461354939
0.06919348624192362
0.0493374310492351
0.04637053203694565
0.02885471211084728
0.07411565967804104
0.0305472628216834
0.06261095392245947
0.03902421863862552
0.07046311656007437
0.03443271428285922
0.04490299458908496
0.06977366653757358
0.02380392303656002
0.03296965663766298
0.05412781131548013
0.0409481700844329
0.02380392303656002
0.05770942017229162
0.03400560433794288
0.04399970944899739
0.02586686891846591
0.03771403963324697
0.0258668689184659
0.06283628629993071
0.02380392303656001
0
0.0305472628216834
0.03902421863862552
0.0258668689184659
0.03771403963324697
0.02380392303656001
0.03400560433794288
0.01983660097217532
0.03400560433794288
0
0.02380392303656002
0.02885471211084728
0.02885471211084728
0.03400560433794288
0.05104932220437056
0.02586686891846591
0.0305472628216834
0
0.02586686891846591
0.0534439978710785
0.01700280216897144
0.01700280216897144
0.04284945752225611
0.01700280216897144
0.02380392303656002
0.01983660097217531
0.0305472628216834
0.03771403963324697
0.02380392303656001
0.02380392303656002
0.03771403963324697
0.05100840183204021
0.03400560433794288
0.03771403963324697
