0.1486783201719096
0.1839474324642792
0.1772958002123264
0.1471756249727733
0.1844777954513327
0.1738705423487983
0.1748428774652405
0.1620699722142122
0.2467070109697931
0.2181337253209375
0.1834833635540184
0.1742904135482301
0.1233977021584544
0.1976263667226112
0.1801465002823314
0.220454060744255
0.1748428745608811
0.1818259842502415
0.2069298139098315
0.1580480589464717
0.1532747928928072
0.1210994631011005
0.201714578216229
0.139838944384401
0.1778482649591538
0.1321265861583412
0.1885218121384809
0.1534515841510318
0.1189780144721543
0.1536946645071474
0.1680144560296055
0.171660699957828
0.1154422606719197
0.1781134445855924
0.2308845275674666
0.1733401789468363
0.1567221537608346
0.2074601744074341
0.2239014195377401
0.2069298089309297
0.1739589398449988
0.2108191361196271
0.1487667126892084
0.149120287737305
0.1627329295784782
0.1185360440023996
0.1573188120694062
0.1459160146937458
0.1789973826207426
0.1751964487791609
0.1655615266439839
0.1332978055797039
0.1688320987432375
0.1766991431484802
0.156633759583902
0.1938475354706203
0.1951734394115319
0.1777598695374957
0.1614070227332072
0.1749754668635513
0.2701092619551432
0.5699851178781157
0.5987351981044637
0.7506177888304818
0.6397278056580814
0.6861345365294897
0.5790675823199094
0.4223012325078797
0.4571062812837987
0.5175455218765442
0.5931000941157889
0.6762123367422767
0.6383135083700541
0.4933035272476051
0.3835184661005069
0.5581845581162415
0.6263803492520655
0.7411817609580287
0.7524298588774347
0.5725706412260413
0.4410849077678329
0.5491462909703683
0.5793106676549268
0.6852726985944796
0.6719031375243304
0.5764378645804225
0.4119149667147651
0.4972149524619001
0.589807428554931
0.8359840703140434
0.7043878500471149
0.5753108482636992
0.4640672904581106
0.4446206611531591
0.6427331952265372
0.6551083264739144
0.6923441970669624
0.6637267166116371
0.4736801129080561
0.504485341877839
0.5533449979857842
0.7502421190760553
0.7703517036707305
0.6893609134073653
0.6059392905392507
0.5506710866845531
0.5262744062913395
0.827896044823008
0.8249348546250153
0.6478158361280184
0.463735813020703
0.5635102797887468
0.5814100203328179
0.6038399378613596
0.8265922368331515
0.5052808844913311
0.4589846454075445
0.4934582196504153
0.5532124052682056
0.5803050995522411
0.7642746279675755
0.7956544176352408
0.4713376757249648
0.4565980154925258
0.4488635600706854
0.3170684546690196
0.3580610613928203
0.3058203418129082
0.2357461832340705
0.3353659588440296
0.2702197524980395
0.2037476388918698
0.2298238011784511
0.2246085688041165
0.2025101258086229
0.2948595165666364
0.2573805577342118
0.2094711349829348
0.2135593473063697
0.1927647123007326
0.1872180041486244
0.1596391487374492
0.2297133081461039
0.1881682366754757
0.190576965445909
0.16834593429683
0.2512813860800016
0.2473036663740054
0.2147747586298427
0.1551973609510092
0.16052308386824
0.2494251208116703
0.1254970519319861
0.1982672227420118
0.177936658721178
0.1830634960887629
0.1374523119799315
0.1948419632188498
0.1958584943864871
0.1511533459234949
0.1843672990997177
0.2198132030652204
0.2385084882973258
0.1246131172161037
0.1790857780424007
0.1359938128319902
0.1180719767517727
0.1766107493864561
0.1643240160501879
0.2245643715081959
0.2305088474403281
0.2002781824876956
0.1998583125329893
0.1566337591689935
0.1524792490345896
0.1974716817881536
0.1557498219636602
0.1694508559072237
0.1232872087111987
0.1230441266954492
0.1530980086880266
0.1893394536073875
0.1378942812049608
