0
0
0
0
0
0
0
0
0
0
0
0
0
0
0.001896875054128891
0.01327812537890224
0.03983437613670671
0.06639062689451118
0.06639062689451118
0.03983437613670671
0.01327812537890224
0.001896875054128891
0
0.0009484375270644447
0.007587500216515559
0.02771120035340249
0.0600421990891971
0.08371487082848157
0.07621149342756947
0.04388049469177487
0.01451719779010372
0.002103387122662471
0
0
0.0009484375270644447
0.005690625162386668
0.01422656290596667
0.01991718806835334
0.01991718806835334
0.01991718806835334
0.01991718806835334
0.01422656290596667
0.005690625162386668
0.0009484375270644447
0.00210338712266247
0.01356876026303927
0.03724143200232372
0.05629430535921608
0.0514679949082904
0.03253751080432817
0.02202057519101581
0.02086562559541778
0.02181406312248223
0.03333080452255049
0.06056451065682956
0.08359799345696611
0.08258508584784545
0.07358922957475389
0.09281230104115559
0.1507975974152359
0.2244398785292263
0.284010302418104
0.3123547343583719
0.3111001537727359
0.2959641664773561
0.277946058156438
0.2547903035507878
0.2288684135617105
0.2159000975351885
0.2198756547695972
0.2227440664727756
0.2197522127194188
0.2347400550091089
0.2749399316936821
0.3062845675336895
0.3028586142767166
0.2767893127706617
0.2414983885863251
0.2007999376704025
0.1690133004609519
0.1567279243502477
0.1577393086333826
0.1709450320860881
0.2064467852585938
0.2518779025264427
0.2661528771159157
0.2302977768782199
0.1735367794737383
0.1387905502151222
0.1427817284455706
0.1666222794483293
0.1830721339964339
0.1881253647702432
0.1902168888310772
0.1873858028015588
0.1753998805959233
0.1620840236481866
0.1552105311331748
0.1474591697556593
0.1368989246158208
0.1384589550688522
0.151911378937811
0.1587713376524761
0.1570179846302542
0.1552968649797756
0.1427029362897466
0.1036734756481974
0.05166215339782668
0.01524942156312476
0.001987202430240514
0
0
0
0
0
0
0
0
0
0
0
0
0
0
0
0.001987202430240514
0.01287165210850753
0.03549866161599437
0.05397061151077695
0.04877678699489661
0.02614977748740976
0.007677827592627183
0.0009484375270644449
0
0
0
0.000632291659874362
0.003793749959246172
0.00948437489811543
0.01264583319748724
0.00948437489811543
0.003793749959246172
0.000632291659874362
0
0.001264583319748724
0.007587499918492344
0.01896874979623086
0.02529166639497448
0.01960104145610522
0.01264583319748724
0.0183364581363565
0.0316145829937181
0.03540833295296427
0.0265562497147232
0.01969136890672265
0.02646592275855341
0.0430861613109693
0.05302217346217188
0.04371845297084367
0.02520133943880468
0.01526532728760212
0.01422656238442605
0.0151750000605021
0.01802031286521284
0.0205494797282277
0.01991718806835334
0.01991718806835334
0.01991718806835334
0.01422656290596667
0.005690625162386669
0.001896875054128889
0.005690625162386668
0.01517500043303111
0.02465937570367556
0.0290854174718077
0.02845312566292173
0.02465937533114654
0.01833645835987391
0.01043281242517987
0.003793749959246172
0.000632291659874362
0
0
