0.0180708103279143
0.01565067921516394
0.01675523883831747
0.02069555306704521
0.01963661859816257
0.01600874119957052
0.01618428520851092
0.01750157389334399
0.02103845108726354
0.01582258714705663
0.01754859393863502
0.01531516422820382
0.01675268488038413
0.01875433902162377
0.02022974367054571
0.01638621494296303
0.01593887279727452
0.01632243332444069
0.01722644645064855
0.01892303015603135
0.02162801700314156
0.01546060508185537
0.01687362963060607
0.01699115736258023
0.01313341884425192
0.01942512282872752
0.02217536811823737
0.01669759683748303
0.01845246315255689
0.02183070921985746
0.01963459611303384
0.01817498306872847
0.01901913428347321
0.02002874211356617
0.01704300012394722
0.01778008604866424
0.01917721415489682
0.01536114632499976
0.01684593215525785
0.02095907051857953
0.01905439316668577
0.02195061210452271
0.02128075365500314
0.02020619347181841
0.01832688829200996
0.0164728226900691
0.02090378701660054
0.02225432454742804
0.01633425645994698
0.02293506507916414
0.01709984914726381
0.02159007391205158
0.02559473727444625
0.02310338041892492
0.02032269387153319
0.02143033764841588
0.0226900261672631
0.02253519280740513
0.02765094524821201
0.03163927753872858
0.04431523596731383
0.1090799865226828
0.1125205375499939
0.09479480356390196
0.08321520249811111
0.08140212880198221
0.06832534373532273
0.06809935877081788
0.06765094153272952
0.07433963244860919
0.07308771037499909
0.07725849945710321
0.07133750853425451
0.0678774745729803
0.07076959516497948
0.07165676545402823
0.07223540901282016
0.0732095833840917
0.07116550801187208
0.06786452172117545
0.06920001366991396
0.06558080840170509
0.07335391501727774
0.07388956432722429
0.06599382169335852
0.06740516074436381
0.06956927593614498
0.06493697185439844
0.06882931509133085
0.0702714264221152
0.06731866336762843
0.06565047479289661
0.06320336527094275
0.06681583663776332
0.06680527965817608
0.07009104917249268
0.06937593292728922
0.06545787232196217
0.0643343888294069
0.06584331699599402
0.06522045112936431
0.07079410662591076
0.06736433421766137
0.06476983931874299
0.06494590074407891
0.06285301833887347
0.06614773779299664
0.07086121199529265
0.06569643963226705
0.06353204827225405
0.06134249788991009
0.06284857991552385
0.06307826549952836
0.06973406765238462
0.06802159895984919
0.06005979066206561
0.0609092581892109
0.06211221577624986
0.06298036397576455
0.06677541298823744
0.06057952654724432
0.0511552249630853
0.04962762063600226
0.04279548812487147
0.03601967371057985
0.03553765131152002
0.03104035698079064
0.03115499560121725
0.02576364861423887
0.02733283848973789
0.02278630712663102
0.02572390979013363
0.02425661785604207
0.02299717351490413
0.0190487404826811
0.0234768323977795
0.02106102431465401
0.01822325586131737
0.01914931132986659
0.01941219598868229
0.01557335792372949
0.01639954798597696
0.01962908194258388
0.01931819706280623
0.01974256175312731
0.01370514216830679
0.02361943483414104
0.01835031684553634
0.02103258264285529
0.01578709090861779
0.02198258437863428
0.01927672887124062
0.01930526204051269
0.01836178602289057
0.02219283326280951
0.01833908990752104
0.0213938110650092
0.01936907776034958
0.01466704288412957
0.0204803795948692
0.01371137772140009
0.01479403015035721
0.02066634973929322
0.01960455613210216
0.01620778884001082
0.01575474932513369
0.01565821716458109
0.02478165926043617
0.01308871866758586
0.01663523793641279
0.0151402792098286
0.01520646326793082
0.01854307851956596
0.01915981568022433
0.01885306582552711
0.0164293311943944
0.01588377504875716
0.0191040813721647
0.01738349557760798
0.01624158853515153
0.01767491915333784
0.0180989832310213
0.01811437114480445
