0.01195446917356058
0.008469692923193101
0.01431639220669326
0.01134774451338183
0.01364811716894712
0.01189342914159552
0.006880195648281954
0.0103114249351393
0.009838580542904804
0.01775041563732529
0.0107701108123428
0.009933184792532131
0.01227821528577275
0.01225232572909721
0.005454221827406193
0.01016354239334998
0.01168132455038038
0.01289599433267095
0.01062163645288316
0.01357727008787218
0.01525522122447079
0.009468729756554672
0.01459385193421524
0.01035965543470977
0.01406159624665888
0.01740143625063193
0.01366633457138552
0.01709271473653269
0.01160384959814291
0.01596309940897532
0.01385413304254451
0.01233141729300861
0.008918796594130717
0.009913133186092051
0.01416945648359155
0.01451357604603626
0.009174770668128503
0.01120581457779331
0.007442742193654974
0.01624738193761049
0.01020321490874177
0.0131455254944657
0.01470887121014511
0.01416071642918025
0.01140877406323799
0.0123943592700321
0.01900354093183645
0.01294096956528729
0.01580584462535269
0.01680617144215316
0.01345053220955254
0.01384604245548369
0.01146670141284119
0.01348054393995117
0.01301779397181514
0.01293627201837236
0.01907207226845889
0.02237904551113896
0.02204240260634515
0.02624323737273945
0.03187459811919599
0.05982229780375015
0.04983401974533785
0.05523672752904734
0.058185490257797
0.05765510407547084
0.06102021918620133
0.06342550181359347
0.05560234689963827
0.0547951158251072
0.06225656015392138
0.06382978004446084
0.06757880789078141
0.06047589785991711
0.05898911188445555
0.059851442536352
0.06753064603793466
0.06118529953578107
0.06368909769759484
0.06414298842273258
0.05968652386242414
0.0674917196306203
0.06344425389427935
0.06923449802170122
0.07150616105942033
0.06208300929742833
0.06290677549145633
0.07034246515571334
0.06736682923303744
0.07115382938844356
0.0657536671290305
0.06821736304255525
0.06582563337555961
0.06590432657446267
0.0656147805811641
0.06894086562090446
0.07122855762104523
0.068756647804935
0.07007072403508742
0.0756290718357755
0.06531296225230733
0.07240204152211822
0.07151460895696218
0.07230556388434176
0.06894784161703188
0.07339936593796581
0.07408313459365709
0.07573674745583943
0.07190376317291756
0.0753901516537856
0.06895568663804853
0.06850897528381075
0.07474628092857272
0.07814920317557475
0.07173252633506376
0.07192821058277188
0.06765064511229503
0.07347444369231187
0.06852214683251012
0.07336320367156872
0.07237553800505089
0.07265807144388528
0.06070208132781137
0.05350070461678558
0.04751242854883665
0.04876785431042061
0.04695349869685376
0.04498070651927993
0.04354025136494909
0.04302828011515557
0.04688973964635916
0.04110858811636518
0.03469853223519349
0.03500471999417733
0.04020928307733596
0.03694366648497178
0.03401471836614253
0.03417622786462996
0.03006239135614526
0.03123948257375181
0.03191967532723361
0.03434424779593133
0.03071394610497753
0.0279971423620182
0.02929168959786068
0.02733695767115426
0.02694680904703007
0.02402710809531262
0.02107222013359351
0.02407879921004318
0.0203524381049855
0.02330674037272606
0.01952249814561818
0.01983080501087415
0.02276905727734578
0.01727163150857847
0.02035267694804087
0.01678598566835991
0.01903870627016822
0.02007513661527522
0.01868113042301153
0.01359835556161448
0.01494224550597805
0.01619582831988768
0.02038210534831997
0.01830804812703674
0.01550820364748537
0.01327383703429543
0.01806448437353505
0.01480500533005086
0.0189115771993134
0.01677635358747599
0.01226723105365544
0.01715945858933373
0.01982784965992139
0.01968745740944053
0.01852251640413129
0.01462786871848613
0.01455604299612837
0.0205500057710029
0.01043643035545259
0.01456961902642775
0.01532446155294654
