0.04273073053535106
0.061975640777548
0.0755432944450276
0.0807136839908274
0.07133269733702641
0.07668266795041009
0.05321454998689135
0.07520053459678946
0.04705817824069974
0.09103624731892238
0.08939164230916789
0.08480125794896681
0.06823387986323912
0.06476730024087304
0.07469406075304047
0.07744208484785482
0.08632491300322823
0.07221100206738795
0.08363146280712032
0.0655350657826865
0.1027374808173966
0.07852429102697396
0.08248070088948163
0.09159262143935056
0.06931801637372625
0.1016770429079562
0.06393341536574547
0.06721704813067911
0.06716888177431329
0.07664489903804153
0.06545484865505158
0.09211519652834808
0.08077375472478232
0.07176735300050809
0.05897752698183068
0.06189416202199204
0.08165448483283572
0.08778029200114536
0.1022076086222816
0.09173459647438423
0.08639410711812429
0.07806090522266752
0.07945253715142278
0.08315157030027104
0.0761973831999983
0.06592671594818308
0.09062923362713579
0.0774453502512093
0.09832068483360761
0.08618850086447784
0.09021981774736455
0.08483840992871909
0.07643715845479002
0.0727741751291338
0.08428596158009229
0.08961856468317096
0.08019947371844757
0.08197400531069879
0.05819453564602697
0.1090194334506879
0.1115160276638203
0.1593442829219728
0.1310990059517382
0.1382909687165832
0.1371881957844613
0.1277857403969835
0.130817917531199
0.114720418166618
0.131854640610765
0.1136904810641629
0.1323124490818597
0.1153643022608644
0.1198926123807344
0.1187001437911847
0.1022913088655667
0.1163127073803006
0.1083032479169194
0.1405626099086166
0.1290906483385486
0.1133943804843626
0.1325002668694749
0.1282694148739561
0.1195188737979958
0.08620115985874358
0.1263459843215181
0.1213564839894556
0.1062781225761272
0.1069908666269127
0.09635040808107223
0.1042264666777872
0.1010668594936905
0.1047812484879884
0.09946516147365933
0.1101290258117145
0.1013485126279412
0.109353812864049
0.1187834197607332
0.09800061878251266
0.1308325110193497
0.09509228687367091
0.1157611516170285
0.1127501614058372
0.1145332161397396
0.1096146912136619
0.1020542546441697
0.106766989381318
0.1046283003057265
0.08462983032076585
0.1117678705654683
0.1067107661783743
0.1105737647281089
0.1013256310723693
0.1191507852939948
0.1248862639093079
0.09628550709865209
0.1089057620937515
0.09417650761408276
0.1117021578174477
0.1035412389196351
0.1132044058682151
0.06873628251876567
0.07634937734603535
0.07279334484023618
0.08364845019357382
0.05671337495098411
0.08715070521949593
0.05983233109213725
0.05874034899856037
0.05613267685528534
0.07222988762663228
0.07467089053988539
0.07365562231621001
0.0495543291258353
0.06412481599882715
0.07642734417016099
0.0443218295171765
0.06146758368134699
0.05121100224721439
0.05023492763952062
0.06002975493894215
0.07069493658988558
0.05008083915257965
0.07033820682288397
0.06350263658400282
0.05310599228879177
0.03172302657040427
0.03190389078027194
0.07878089830340719
0.04700476982353404
0.04070538810801558
0.07067660606927338
0.04894832444417432
0.06246974574919411
0.05650381257422305
0.0691354454096962
0.05757386123032086
0.05359253362126454
0.03351785375186824
0.05572644777936087
0.04671127492392984
0.05420302181302725
0.06624814981938415
0.06590805129888758
0.0738721094040712
0.05920027002131908
0.06775849536892146
0.05610285398530253
0.07150715448943701
0.06553588889357209
0.07451760719205369
0.07244059409566357
0.06238508619127881
0.05946342976727858
0.07614810664256476
0.07958400028029609
0.08107000711169432
0.07674878187788119
0.05357795142026795
0.06098716519270125
0.06667585083811146
0.06913606089640556
0.1040801553182484
0.06513722179034584
