0.0625773208627402
0.08803556374226051
0.0901719191402537
0
0.02085910613493901
0
0.1448919870662232
0.06872170895498438
0.06257732086274018
0.06257732086274041
0.06257732086274023
0
0.06257732086274038
0.06257732086274038
0.07484612568879669
0.06257732086274041
0.07150141559586599
0.1088877349100056
0.1072521244133549
0.06257732086274041
0.02085910613493901
0.02085910613493901
0
0.0625773208627402
0.06257732086274038
0.02085910613493901
0.1072521244133547
0.06872170895498443
0.02085910613493901
0.06257732086274023
0.06575583243897166
0
0
0
0.06575583243897169
0.0293451867614612
0
0.06257732086274019
0.09220967892809835
0.06257732086274041
0.04171821226987801
0.06575583243897166
0.06257732086274023
0.02085910613493901
0
0
0.02085910613493901
0.06257732086274034
0.06575583243897166
0.02085910613493901
0
0.02085910613493901
0.0293451867614612
0.09220967892809837
0.02085910613493901
0
0.02085910613493901
0.02085910613493901
0
0.08731182816098591
0.1336991187361315
0.1811462612470175
0.299535846929278
0.279935250689949
0.2201558264095697
0.2219396555973503
0.1961384676179682
0.1633870901898395
0.1269524145550625
0.1520057464093
0.2269077129819108
0.193181495800377
0.2220213260942518
0.2100633932133664
0.180469451520726
0.1303694178167894
0.1681714958832406
0.1864966299091859
0.1959303876567279
0.1601369538893785
0.1835571769577596
0.1539610749506378
0.1985499553493558
0.1730069785771249
0.2307501873862221
0.1589723061575935
0.1969455768588424
0.1520057464092999
0.2076983001290414
0.1816210232929505
0.2392364661240469
0.1943743455133249
0.2137634441520563
0.1915321538659612
0.1835571769577596
0.2702140106845718
0.190892169186766
0.2115683176372097
0.2280036512591882
0.1808207061254277
0.1770721943399789
0.207610995283279
0.2120177130496588
0.1691657275444609
0.2007519720580409
0.2571154634998924
0.213317727403306
0.2685820960550281
0.2939611164543929
0.2471019261300359
0.2638319728836043
0.2120177124073251
0.2510144576277709
0.3106770072676691
0.2593794505000194
0.2942847174862789
0.2251632459655731
0.2425104788859599
0.2879954583959572
0.2372962169889792
0.2473036041229753
0.2407284629976307
0.2153688054049158
0.1964386388504294
0.1617141409215447
0.1336991187361314
0.1432245174165567
0.09415524490530125
0.1716657189153314
0.1441707367215441
0.1004888054254247
0.1489333896637022
0.1245010880953563
0.1088877349100056
0.1492373987265362
0.1222232117397661
0.1380685386709246
0.1833348193640328
0.09415524490530125
0.1158259703769933
0.09220967892809841
0.1088877349100056
0.08803556374226051
0.1231835793019456
0.1380685386709246
0
0.02085910613493901
0.0901719191402537
0.02085910613493901
0.02085910613493901
0.0625773208627402
0
0.0901719191402537
0
0
0.06257732086274018
0
0
0
0.06257732086274018
0
0
0.04171821226987802
0
0
0
0.08803556374226051
0.06575583243897166
0.07484612568879666
0
0
0
0.0625773208627402
0.02085910613493901
0
0.0625773208627402
0
0.08803556374226051
0.06257732086274023
0
0
0.1519461025220936
0
