0.04138851702322386
0.04408449401999795
0.02766527990609834
0.02123941510400574
0.05342473589366358
0.0464676797529121
0.03583074956167898
0.02497874592184853
0.02669524768577032
0.03732242129669869
0.03538562955346788
0.06944742149501704
0.04342619410681964
0.05550381590254302
0.03053025560889286
0.02708630423343655
0.04421911422678056
0.05199349819256815
0.0619500730444448
0.02497874592184853
0.04903375609182058
0.07017221612292006
0.01605820115112431
0.05533055981219667
0.05372343460568104
0.02195912059685182
0.02766527990609834
0.05008545556334284
0.05331051049709813
0.02264924711708738
0.02497874592184853
0.05747066340879347
0.02708630423343655
0.01925211709470417
0.04995749184369706
0.04529849423417475
0.035830749561679
0.05254457282619014
0.05555321867325956
0.04179524874703508
0.05042812654919968
0.03538562955346788
0.04050642368501875
0.01925211709470417
0.04794628651206857
0.0592439052306085
0.05276165519055436
0.07238728133453357
0.05144540754893512
0.0553305565347447
0.06115777675846761
0.04499467796743446
0.04722890897492405
0.05625926143746915
0.05498240901274232
0.08042376522277099
0.04713846936127848
0.04219444854987906
0.04461028981208932
0.04613193098068916
0.090031684845233
0.135323445140906
0.1390790582772788
0.1527560753236632
0.172608997522753
0.1563493878807866
0.1687055395834886
0.136651493174738
0.1222619643803482
0.1156485161901125
0.1638635681556694
0.1548783799140564
0.1369010851851902
0.1396095087982506
0.1704123982030823
0.138271297709593
0.1202484462323294
0.1375984190298974
0.1064149896537522
0.1129646198176076
0.1042943161165162
0.1134412020705654
0.1188538204717347
0.0872567898611734
0.127339587736053
0.1115253831051718
0.1301041618094246
0.08339335778120455
0.09854499866347813
0.1085517954389074
0.1280163893848834
0.1277208053783731
0.09673439021725404
0.1238669300234694
0.1349851623669109
0.1096275207998562
0.09608944291122992
0.1217560725246734
0.1058852035201804
0.1039503479982762
0.09238766294695318
0.09525312552272565
0.1064207168293297
0.1029041431580619
0.08267755392131819
0.1028093155420953
0.1004883860324533
0.09022952104916594
0.08631729967267641
0.118178710752627
0.103129012752562
0.116999293293597
0.1092389693343363
0.133866165621913
0.105872249355305
0.08516549581672177
0.09248493844321375
0.0750784664684426
0.09763608776321203
0.09666819532229085
0.0845314470819957
0.06952418592178079
0.05400072521626306
0.07936314974438968
0.03586051023454319
0.03688703951842617
0.05843578424776654
0.05142466271613436
0.04868440154826249
0.06944742149501702
0.05983264483802764
0.01925211709470417
0.04817459966895109
0.05276165519055436
0.04160886560221216
0.03379959540730098
0.0464676797529122
0.05458459504702944
0.05142466271613436
0.04262925009944217
0.0517466887823723
0.03275075654366631
0.04262925009944218
0.04783490484695119
0.07444858062519764
0.03081347861641504
0.07238096757588224
0.03482560544820412
0.06123995325903964
0.04138851702322387
0.06691942052908152
0.03379959540730098
0.04121138966269865
0.05144540754893512
0.03688703951842618
0.04675214791449277
0.03583074956167893
0.04179524874703509
0.05209013757939592
0.07535605227388097
0.02868755810633166
0.02195912059685182
0.04138851702322387
0.05465156335572298
0.05338764190452547
0.04303133802525187
0.02902031672061761
0.04050642368501874
0.02868755810633166
0.03379959540730098
0.04646767975291212
0.04563035528966469
0.05866224234810719
0.03874099153461887
0.03850423418940834
0.02195912059685182
0.02708630423343655
0.04179524874703509
0.04929414337414919
0.01070546701359158
0.02195912059685182
0.05110359339462994
0.01070546701359158
