0.7939708049500548
0.5442809781617138
0.7382303092839106
0.5772058732082389
0.8318417965195909
0.6207417810132212
0.8866261084559636
0.684018012941382
0.7103088234023558
0.9978490236392046
0.5851868352926077
0.5592474866960129
0.6330795195583814
0.7435848596523894
0.8523519350893255
0.9850534424953805
0.8707273770097205
0.7890335857977517
1.060091926084539
0.9353726726153072
0.6740778028297271
0.6976762541622253
0.6830139331034006
0.576998708224697
0.6992671587253624
0.6269007508947708
0.7738317764601019
0.6487708264617797
0.9651744932330221
0.5827560626605506
0.6279514208128764
0.8265002895078494
0.4525191571836638
0.7937466974361302
0.8711803147343885
0.5737495063190555
0.8161359040943483
0.7243819234886624
0.5702260717006249
0.6126984586024606
0.7066636431243314
0.7864643473427158
0.8771551596509722
0.6962247092198618
0.7118773702785676
0.8657935344958089
0.5742611774916978
0.8524342216429643
0.7138326410231591
0.915058683800084
0.4394243992388721
0.7331237617411611
0.6742611649134379
0.8442692146617115
0.6656167330579498
0.8976354263571316
0.5412754257725746
0.6832178046628048
0.9015802988925762
0.7527537408475103
0.5343891753785788
0.7492861529988357
1.473516023440328
2.643186989000566
3.793323868906841
4.494525891152551
4.191883760506109
3.317979026619541
2.509036551477328
1.739880925309201
2.048236170236795
1.783166442835347
2.36978758976327
2.310926417136295
1.738549491879064
1.361507349962558
1.494057233511572
1.205802361662935
1.463743732168465
1.915446538810522
1.167667462702374
1.051724722728439
1.201176136230415
1.010789892089973
1.883554800430985
1.374053770122737
1.517742446221503
1.400594537336879
1.628374567661101
1.183045463699477
1.55927950335811
1.894298178578029
1.626047813958942
0.8147063236457366
1.206136335771004
0.8157351707356431
1.003397655290551
1.522126324747817
1.532619702966339
1.389205459320787
1.046409765769656
0.6542850124129811
1.293640907413062
1.809763688847293
1.323253904868118
1.423103767350312
1.008128956549123
0.8480336214943184
0.9792141900018525
1.240003766464985
1.229769036925353
1.135475341313802
1.130218694582253
0.9665868956997622
1.120074554257882
1.709840113074227
0.8477506908077862
0.9673049395974737
1.194464619465008
1.228301988952176
1.113134530571385
1.524331848462875
0.8702307302210752
0.6370248214785597
0.8032846491621409
0.4105266642619229
0.5473048502888554
0.7751926799997344
0.6281768641916934
0.8559178477063757
0.4862097876252919
0.7017386750037193
0.6824434418153176
0.7218099694431571
1.055372652290841
0.7964820441209914
0.6036729099036082
0.7640039847744918
0.8348479519393125
0.8268013389811795
0.6755955163416518
0.6081734285409904
0.7544429525770963
0.946224768848224
0.7200501544493193
1.033548285850304
0.6081322358422592
0.7614717403724737
0.559978810787173
0.4526627408700766
1.04181431715842
0.8810156464180385
0.6349947949028675
0.7683851474324307
0.6611796726870619
0.6964902402877892
0.6461059458671752
0.8998546477314391
0.7177216583443081
0.6238250819867165
0.7145655051181462
0.6943683737454701
0.863834236935235
0.6508113264835689
0.7953009312071637
0.8231369298094009
0.6111583398579642
0.7275222382992778
0.6538741702287187
0.6496207598879573
0.5220368799722596
0.9318359717323612
0.7849004231587965
0.7216551425854527
0.5876829344992385
0.7524718989114246
0.5548401741228501
1.008536665993405
0.777005189726021
0.7145329544483329
0.5789599252821859
0.876329402878649
