0.6212569152685086
0.9657517037323294
0.6653275728983015
0.7988709613007676
0.6560508101749252
0.7165064732620039
0.7559814929335092
0.8549013138850632
0.6625193653020423
0.5255492763088599
0.8426999219509417
0.6805617681029514
0.7907431841259149
0.686542909081191
0.8299786936861251
0.5755295657478976
0.5040316981986077
0.8472430469647262
0.8197801001683129
0.8511385592030194
0.7163509629442598
0.8102872416135281
0.6459912414759706
0.8411064718948561
0.7163497313569608
0.7317755327498224
0.9088976160841988
0.5762091860061651
0.4949003388614833
0.808164121622287
0.8898233334541225
0.6168446898383541
0.7571119664082744
0.5823901817041718
0.8836256385988287
0.7371753167941831
0.8888180213846339
0.6818890214751456
0.8436050592634383
0.6040726062043091
0.6565597139956486
0.923717495873206
0.504964877520546
0.6360094887488714
0.7904771597646849
0.7937626821136122
0.8309494773936922
0.6370094973668508
0.8838333893699815
0.8144683255991668
1.001196483030466
0.666580866782414
0.7265905503397326
0.7728626964744844
0.5113641264577884
0.7263014706128574
0.5796148741723535
0.9700912345022186
0.6889222885137467
0.8490601746389577
0.5434349126108572
0.9470256676212044
1.32004785618521
1.869954520901779
2.44432950160161
2.976685466702166
3.084339369609713
2.510894988521585
2.24904584244683
2.753769493883694
2.932855783014753
3.354363920446646
3.173048619072669
2.870567133955779
2.374246443710489
2.694299422853083
2.647446010435051
2.277018257920799
3.61861722742633
2.52751040178169
2.505719134855831
1.36052354355563
2.31883759848088
1.954288744046981
3.100004960228555
2.502243014088886
2.211751304123667
2.538387742672785
1.835043646899827
1.84763756131689
2.73375769513348
2.10245940048071
1.965219746989646
2.044717307557913
2.13345310414247
1.767396725064872
2.553683185657037
2.223790817510427
2.064233237628722
1.815490143852498
1.546948539151973
1.751829809426572
2.018603944165798
2.062134646148481
2.188284318942757
2.403822022868565
1.502453613785236
1.93728655623566
2.442410801304007
2.196515182190815
2.319808749794245
2.698532429252122
1.43774707326454
1.526237560549082
2.599512732817995
2.557830120986989
2.425790772682236
2.14911051099203
1.480280561644387
1.999978839334614
1.894469984048432
2.25950005565165
1.95921504237687
0.6994767759495023
0.2390255407152505
0.8587069311850113
0.3248679606242823
1.347756073729389
0.8430607995053343
0.8959344533085121
0.8027645889707806
0.6858777886191855
0.699139783192716
0.7982857634587409
0.5896465306306787
0.7067438753170656
0.9365740992317676
0.5281809189618882
0.8666790695304422
0.6864065081325234
0.5409781942676029
0.6744300190130146
0.701277623255707
0.9476245920874788
0.8695253411827035
0.7980199104780499
0.4872068180766152
0.8614441716184897
0.7326949290037591
0.829686370886767
0.613489651494135
0.7466331498017291
0.8353558975342295
0.7658502775559017
0.777570906241307
0.6912921338277999
0.6605818018103267
0.8865775943709028
0.8208416544890379
0.8267160983091218
0.5409136475090293
0.8539856410270633
0.8752097757100836
0.6146104640153794
0.7988104316985984
0.903808061925933
0.4597842943698447
0.7172457277309986
0.9287270636660565
0.6969653791185075
0.6911232832370791
0.7153999164141169
0.8281493079383908
0.6822457282624551
0.8382505885531752
0.7048231914220868
0.7537254067491953
0.8111424370855992
0.5622584484560607
0.7936983342385949
0.7953680567418218
0.7323918720011855
